VisitID	Start	End	Side	SideCondition	SideError	TimeError	ConditionError	LickNumber	LickContactTime	LickDuration	AirState	DoorState	LED1State	LED2State	LED3State	LickStartTime
2	2026-01-13 10:34:09.661	2026-01-13 10:34:12.902	1	-1	1	0	1	0	0.0	0.0	0	0	0	0	0	
6	2026-01-13 13:27:04.655	2026-01-13 13:27:05.291	5	1	0	0	0	15	0.27	3.072537	0	0	0	0	0	2026-01-13 13:27:04.655
7	2026-01-13 13:57:04.772	2026-01-13 13:57:06.595	1	-1	1	0	1	0	0.0	0.0	0	0	0	0	0	
8	2026-01-13 14:08:23.055	2026-01-13 14:08:25.413	1	-1	1	0	1	0	0.0	0.0	0	0	0	0	0	
10	2026-01-13 14:50:14.082	2026-01-13 14:50:16.137	5	1	0	0	0	14	0.252	2.02062	0	0	0	0	0	2026-01-13 14:50:14.082
11	2026-01-13 15:23:07.474	2026-01-13 15:23:07.893	3	-1	1	0	1	0	0.0	0.0	0	0	0	0	0	
13	2026-01-13 18:51:36.971	2026-01-13 18:51:39.274	5	1	0	0	0	15	0.27	2.116298	0	0	0	0	0	2026-01-13 18:51:36.971
14	2026-01-14 06:31:02.564	2026-01-14 06:31:05.083	5	1	0	0	0	9	0.162	1.423053	0	0	0	0	0	2026-01-14 06:31:02.564
15	2026-01-14 06:33:39.758	2026-01-14 06:33:40.839	5	1	0	0	0	17	0.306	3.273695	0	0	0	0	0	2026-01-14 06:33:39.758
16	2026-01-14 06:35:04.911	2026-01-14 06:35:05.996	5	1	0	0	0	12	0.216	1.804104	0	0	0	0	0	2026-01-14 06:35:04.911
17	2026-01-14 06:37:19.760	2026-01-14 06:37:20.914	5	1	0	0	0	0	0.0	0.0	0	0	0	0	0	
18	2026-01-14 09:20:13.835	2026-01-14 09:20:14.971	1	-1	1	0	1	0	0.0	0.0	0	0	0	0	0	
19	2026-01-14 10:26:17.967	2026-01-14 10:26:19.644	1	-1	1	0	1	0	0.0	0.0	0	0	0	0	0	
21	2026-01-14 12:29:57.996	2026-01-14 12:29:59.066	5	1	0	0	0	20	0.36	2.841186	0	0	0	0	0	2026-01-14 12:29:57.996
22	2026-01-14 12:31:26.163	2026-01-14 12:31:26.863	5	1	0	0	0	0	0.0	0.0	0	0	0	0	0	
23	2026-01-14 14:31:39.428	2026-01-14 14:31:40.228	5	1	0	0	0	15	0.27	3.256861	0	0	0	0	0	2026-01-14 14:31:39.428
24	2026-01-14 17:33:44.768	2026-01-14 17:33:45.924	5	1	0	0	0	13	0.234	1.907886	0	0	0	0	0	2026-01-14 17:33:44.768
27	2026-01-15 12:17:04.661	2026-01-15 12:17:04.861	5	1	0	0	0	8	0.144	1.631413	0	0	0	0	0	2026-01-15 12:17:04.661
28	2026-01-15 14:50:42.612	2026-01-15 14:50:44.583	5	1	0	0	0	15	0.27	3.202565	0	0	0	0	0	2026-01-15 14:50:42.612
29	2026-01-15 15:28:42.029	2026-01-15 15:28:43.716	5	1	0	0	0	9	0.162	1.931025	0	0	0	0	0	2026-01-15 15:28:42.029
31	2026-01-15 16:13:21.911	2026-01-15 16:13:23.416	5	1	0	0	0	0	0.0	0.0	0	0	0	0	0	
33	2026-01-15 17:10:39.086	2026-01-15 17:10:40.803	1	-1	1	0	1	0	0.0	0.0	0	0	0	0	0	
34	2026-01-16 04:10:58.319	2026-01-16 04:10:59.556	5	1	0	0	0	16	0.288	2.709434	0	0	0	0	0	2026-01-16 04:10:58.319
35	2026-01-16 06:28:21.643	2026-01-16 06:28:22.425	5	1	0	0	0	19	0.342	3.989682	0	0	0	0	0	2026-01-16 06:28:21.643
36	2026-01-16 06:50:35.240	2026-01-16 06:50:38.462	5	1	0	0	0	15	0.27	2.861172	0	0	0	0	0	2026-01-16 06:50:35.240
40	2026-01-13 11:08:07.185	2026-01-13 11:08:09.150	7	1	0	0	0	11	0.198	1.744245	0	0	0	0	0	2026-01-13 11:08:07.185
41	2026-01-13 11:47:11.290	2026-01-13 11:47:11.656	7	1	0	0	0	18	0.324	3.571308	0	0	0	0	0	2026-01-13 11:47:11.290
42	2026-01-13 15:40:02.937	2026-01-13 15:40:03.661	7	1	0	0	0	11	0.198	2.086084	0	0	0	0	0	2026-01-13 15:40:02.937
44	2026-01-13 16:38:40.886	2026-01-13 16:38:41.359	7	1	0	0	0	14	0.252	2.051417	0	0	0	0	0	2026-01-13 16:38:40.886
45	2026-01-13 21:19:46.481	2026-01-13 21:19:47.246	7	1	0	0	0	9	0.162	1.963069	0	0	0	0	0	2026-01-13 21:19:46.481
48	2026-01-14 06:01:20.297	2026-01-14 06:01:21.695	7	1	0	0	0	21	0.378	4.398849	0	0	0	0	0	2026-01-14 06:01:20.297
49	2026-01-14 10:48:25.392	2026-01-14 10:48:25.767	7	1	0	0	0	18	0.324	2.656677	0	0	0	0	0	2026-01-14 10:48:25.392
51	2026-01-14 11:14:03.612	2026-01-14 11:14:05.035	7	1	0	0	0	14	0.252	2.587575	0	0	0	0	0	2026-01-14 11:14:03.612
52	2026-01-14 11:14:30.630	2026-01-14 11:14:31.624	1	-1	1	0	1	0	0.0	0.0	0	0	0	0	0	
53	2026-01-14 11:23:10.322	2026-01-14 11:23:11.700	7	1	0	0	0	16	0.288	3.483076	0	0	0	0	0	2026-01-14 11:23:10.322
54	2026-01-14 12:56:38.797	2026-01-14 12:56:39.494	7	1	0	0	0	23	0.414	4.71946	0	0	0	0	0	2026-01-14 12:56:38.797
56	2026-01-14 14:34:59.721	2026-01-14 14:35:01.832	7	1	0	0	0	14	0.252	2.468129	0	0	0	0	0	2026-01-14 14:34:59.721
58	2026-01-14 15:20:05.339	2026-01-14 15:20:07.059	5	-1	1	0	1	0	0.0	0.0	0	0	0	0	0	
59	2026-01-14 16:41:01.318	2026-01-14 16:41:02.847	7	1	0	0	0	17	0.306	2.427372	0	0	0	0	0	2026-01-14 16:41:01.318
60	2026-01-14 19:56:30.383	2026-01-14 19:56:31.058	7	1	0	0	0	16	0.288	2.475339	0	0	0	0	0	2026-01-14 19:56:30.383
61	2026-01-15 02:58:48.607	2026-01-15 02:58:49.339	7	1	0	0	0	9	0.162	1.299304	0	0	0	0	0	2026-01-15 02:58:48.607
64	2026-01-15 07:38:48.309	2026-01-15 07:38:49.633	7	1	0	0	0	14	0.252	2.500893	0	0	0	0	0	2026-01-15 07:38:48.309
65	2026-01-15 08:17:28.480	2026-01-15 08:17:28.956	7	1	0	0	0	14	0.252	2.651245	0	0	0	0	0	2026-01-15 08:17:28.480
66	2026-01-15 09:42:21.560	2026-01-15 09:42:23.151	1	-1	1	0	1	0	0.0	0.0	0	0	0	0	0	
69	2026-01-15 17:30:46.382	2026-01-15 17:30:47.103	7	1	0	0	0	21	0.378	2.973648	0	0	0	0	0	2026-01-15 17:30:46.382
70	2026-01-15 18:57:32.469	2026-01-15 18:57:33.285	7	1	0	0	0	10	0.18	1.992326	0	0	0	0	0	2026-01-15 18:57:32.469
73	2026-01-13 11:14:12.533	2026-01-13 11:14:13.935	1	1	0	0	0	12	0.216	2.63352	0	0	0	0	0	2026-01-13 11:14:12.533
76	2026-01-13 11:47:37.496	2026-01-13 11:47:38.937	1	1	0	0	0	13	0.234	2.049866	0	0	0	0	0	2026-01-13 11:47:37.496
80	2026-01-14 06:33:27.389	2026-01-14 06:33:28.906	1	1	0	0	0	14	0.252	2.62905	0	0	0	0	0	2026-01-14 06:33:27.389
81	2026-01-14 07:00:18.136	2026-01-14 07:00:18.750	1	1	0	0	0	15	0.27	2.487223	0	0	0	0	0	2026-01-14 07:00:18.136
83	2026-01-14 10:32:11.198	2026-01-14 10:32:11.898	1	1	0	0	0	12	0.216	2.379399	0	0	0	0	0	2026-01-14 10:32:11.198
84	2026-01-14 10:39:28.680	2026-01-14 10:39:34.220	1	1	0	0	0	12	0.216	2.230015	0	0	0	0	0	2026-01-14 10:39:28.680
87	2026-01-14 12:46:41.248	2026-01-14 12:46:43.588	1	1	0	0	0	27	0.486	5.694951	0	0	0	0	0	2026-01-14 12:46:41.248
89	2026-01-14 14:52:35.000	2026-01-14 14:52:35.384	1	1	0	0	0	11	0.198	1.971231	0	0	0	0	0	2026-01-14 14:52:35.000
90	2026-01-14 16:18:02.260	2026-01-14 16:18:02.747	1	1	0	0	0	10	0.18	1.85111	0	0	0	0	0	2026-01-14 16:18:02.260
91	2026-01-14 17:11:10.685	2026-01-14 17:11:12.218	1	1	0	0	0	15	0.27	2.70315	0	0	0	0	0	2026-01-14 17:11:10.685
93	2026-01-14 21:41:12.287	2026-01-14 21:41:14.036	1	1	0	0	0	12	0.216	1.86292	0	0	0	0	0	2026-01-14 21:41:12.287
94	2026-01-15 02:18:50.305	2026-01-15 02:18:51.883	1	1	0	0	0	0	0.0	0.0	0	0	0	0	0	
95	2026-01-15 06:30:10.781	2026-01-15 06:30:13.914	1	1	0	0	0	14	0.252	2.564842	0	0	0	0	0	2026-01-15 06:30:10.781
98	2026-01-15 08:45:29.335	2026-01-15 08:45:29.665	1	1	0	0	0	23	0.414	4.989647	0	0	0	0	0	2026-01-15 08:45:29.335
100	2026-01-15 09:15:17.543	2026-01-15 09:15:18.619	1	1	0	0	0	16	0.288	3.245785	0	0	0	0	0	2026-01-15 09:15:17.543
101	2026-01-15 09:20:24.656	2026-01-15 09:20:27.281	1	1	0	0	0	16	0.288	2.970862	0	0	0	0	0	2026-01-15 09:20:24.656
102	2026-01-15 09:37:08.669	2026-01-15 09:37:09.061	1	1	0	0	0	9	0.162	1.446535	0	0	0	0	0	2026-01-15 09:37:08.669
103	2026-01-15 10:28:37.009	2026-01-15 10:28:38.843	1	1	0	0	0	14	0.252	2.679429	0	0	0	0	0	2026-01-15 10:28:37.009
104	2026-01-15 11:56:32.067	2026-01-15 11:56:32.923	1	1	0	0	0	21	0.378	3.590767	0	0	0	0	0	2026-01-15 11:56:32.067
105	2026-01-15 13:47:45.011	2026-01-15 13:47:46.087	1	1	0	0	0	10	0.18	1.745985	0	0	0	0	0	2026-01-15 13:47:45.011
106	2026-01-15 14:24:46.583	2026-01-15 14:24:47.908	3	-1	1	0	1	0	0.0	0.0	0	0	0	0	0	
108	2026-01-15 17:20:36.171	2026-01-15 17:20:37.251	1	1	0	0	0	0	0.0	0.0	0	0	0	0	0	
110	2026-01-15 21:29:36.465	2026-01-15 21:29:37.165	1	1	0	0	0	14	0.252	3.030015	0	0	0	0	0	2026-01-15 21:29:36.465
111	2026-01-16 07:36:43.572	2026-01-16 07:36:43.924	1	1	0	0	0	14	0.252	3.074738	0	0	0	0	0	2026-01-16 07:36:43.572
114	2026-01-13 10:19:09.708	2026-01-13 10:19:11.760	3	1	0	0	0	18	0.324	2.945418	0	0	0	0	0	2026-01-13 10:19:09.708
116	2026-01-13 11:35:25.121	2026-01-13 11:35:30.674	1	-1	1	0	1	0	0.0	0.0	0	0	0	0	0	
117	2026-01-13 12:55:40.048	2026-01-13 12:55:40.290	3	1	0	0	0	10	0.18	1.512151	0	0	0	0	0	2026-01-13 12:55:40.048
119	2026-01-13 15:50:31.109	2026-01-13 15:50:31.315	3	1	0	0	0	15	0.27	2.111571	0	0	0	0	0	2026-01-13 15:50:31.109
120	2026-01-13 18:03:30.081	2026-01-13 18:03:30.781	3	1	0	0	0	15	0.27	2.878271	0	0	0	0	0	2026-01-13 18:03:30.081
121	2026-01-14 05:57:01.512	2026-01-14 05:57:02.212	3	1	0	0	0	14	0.252	2.430111	0	0	0	0	0	2026-01-14 05:57:01.512
122	2026-01-14 07:10:45.657	2026-01-14 07:10:46.959	3	1	0	0	0	7	0.126	1.367837	0	0	0	0	0	2026-01-14 07:10:45.657
124	2026-01-14 07:57:37.246	2026-01-14 07:57:38.130	3	1	0	0	0	25	0.45	4.626688	0	0	0	0	0	2026-01-14 07:57:37.246
125	2026-01-14 10:17:50.028	2026-01-14 10:17:51.851	3	1	0	0	0	8	0.144	1.565643	0	0	0	0	0	2026-01-14 10:17:50.028
126	2026-01-14 10:51:44.371	2026-01-14 10:51:44.842	3	1	0	0	0	17	0.306	3.645894	0	0	0	0	0	2026-01-14 10:51:44.371
127	2026-01-14 12:07:05.930	2026-01-14 12:07:06.656	1	-1	1	0	1	0	0.0	0.0	0	0	0	0	0	
128	2026-01-14 12:24:18.194	2026-01-14 12:24:19.093	3	1	0	0	0	17	0.306	2.551332	0	0	0	0	0	2026-01-14 12:24:18.194
129	2026-01-14 14:16:06.618	2026-01-14 14:16:06.818	3	1	0	0	0	8	0.144	1.356348	0	0	0	0	0	2026-01-14 14:16:06.618
130	2026-01-14 14:37:11.445	2026-01-14 14:37:12.894	3	1	0	0	0	19	0.342	3.918632	0	0	0	0	0	2026-01-14 14:37:11.445
132	2026-01-14 16:16:49.394	2026-01-14 16:16:50.185	3	1	0	0	0	16	0.288	2.328214	0	0	0	0	0	2026-01-14 16:16:49.394
133	2026-01-14 16:32:58.504	2026-01-14 16:32:59.247	3	1	0	0	0	13	0.234	2.851416	0	0	0	0	0	2026-01-14 16:32:58.504
134	2026-01-14 17:29:06.903	2026-01-14 17:29:10.799	7	-1	1	0	1	0	0.0	0.0	0	0	0	0	0	
135	2026-01-14 17:37:56.050	2026-01-14 17:37:58.751	1	-1	1	0	1	0	0.0	0.0	0	0	0	0	0	
138	2026-01-15 07:53:41.016	2026-01-15 07:53:42.341	3	1	0	0	0	24	0.432	4.488381	0	0	0	0	0	2026-01-15 07:53:41.016
139	2026-01-15 08:23:01.500	2026-01-15 08:23:02.889	3	1	0	0	0	0	0.0	0.0	0	0	0	0	0	
142	2026-01-15 10:47:12.957	2026-01-15 10:47:15.357	3	1	0	0	0	20	0.36	2.981405	0	0	0	0	0	2026-01-15 10:47:12.957
143	2026-01-15 10:58:08.002	2026-01-15 10:58:09.113	3	1	0	0	0	14	0.252	2.135947	0	0	0	0	0	2026-01-15 10:58:08.002
144	2026-01-15 12:25:50.012	2026-01-15 12:25:51.289	3	1	0	0	0	19	0.342	3.564397	0	0	0	0	0	2026-01-15 12:25:50.012
146	2026-01-15 13:50:51.895	2026-01-15 13:50:52.595	3	1	0	0	0	12	0.216	1.696609	0	0	0	0	0	2026-01-15 13:50:51.895
148	2026-01-15 14:10:53.437	2026-01-15 14:10:54.071	1	-1	1	0	1	0	0.0	0.0	0	0	0	0	0	
149	2026-01-15 15:25:38.637	2026-01-15 15:25:39.912	3	1	0	0	0	15	0.27	2.385091	0	0	0	0	0	2026-01-15 15:25:38.637
150	2026-01-15 17:30:29.686	2026-01-15 17:30:31.461	3	1	0	0	0	0	0.0	0.0	0	0	0	0	0	
151	2026-01-15 18:10:22.240	2026-01-15 18:10:24.402	3	1	0	0	0	17	0.306	2.616933	0	0	0	0	0	2026-01-15 18:10:22.240
153	2026-01-16 02:22:09.359	2026-01-16 02:22:10.023	5	-1	1	0	1	0	0.0	0.0	0	0	0	0	0	
154	2026-01-16 02:23:04.605	2026-01-16 02:23:05.671	3	1	0	0	0	16	0.288	3.289971	0	0	0	0	0	2026-01-16 02:23:04.605
155	2026-01-16 02:29:09.358	2026-01-16 02:29:10.832	3	1	0	0	0	11	0.198	1.935798	0	0	0	0	0	2026-01-16 02:29:09.358
156	2026-01-16 06:30:35.118	2026-01-16 06:30:36.670	3	1	0	0	0	0	0.0	0.0	0	0	0	0	0	
157	2026-01-16 06:46:32.303	2026-01-16 06:46:34.115	3	1	0	0	0	13	0.234	2.743757	0	0	0	0	0	2026-01-16 06:46:32.303
158	2026-01-16 07:18:03.208	2026-01-16 07:18:03.990	3	1	0	0	0	15	0.27	2.132478	0	0	0	0	0	2026-01-16 07:18:03.208
160	2026-01-13 09:40:40.899	2026-01-13 09:40:41.599	3	-1	1	0	1	1	0.018	0.168995	0	0	0	0	0	2026-01-13 09:40:40.899
163	2026-01-13 11:03:21.214	2026-01-13 11:03:22.254	3	-1	1	0	1	0	0.0	0.0	0	0	0	0	0	
165	2026-01-13 14:32:14.523	2026-01-13 14:32:17.241	5	1	0	0	0	18	0.324	3.101102	0	0	0	0	0	2026-01-13 14:32:14.523
166	2026-01-13 15:15:24.075	2026-01-13 15:15:27.272	5	1	0	0	0	0	0.0	0.0	0	0	0	0	0	
168	2026-01-13 16:45:06.542	2026-01-13 16:45:07.988	5	1	0	0	0	13	0.234	2.578511	0	0	0	0	0	2026-01-13 16:45:06.542
169	2026-01-13 16:46:58.148	2026-01-13 16:47:00.466	5	1	0	0	0	12	0.216	1.686421	0	0	0	0	0	2026-01-13 16:46:58.148
171	2026-01-14 09:04:45.821	2026-01-14 09:04:46.521	5	1	0	0	0	10	0.18	1.548197	0	0	0	0	0	2026-01-14 09:04:45.821
172	2026-01-14 10:34:54.284	2026-01-14 10:34:57.849	5	1	0	0	0	0	0.0	0.0	0	0	0	0	0	
174	2026-01-14 12:24:11.541	2026-01-14 12:24:11.950	7	-1	1	0	1	0	0.0	0.0	0	0	0	0	0	
176	2026-01-14 15:02:42.048	2026-01-14 15:02:42.248	5	1	0	0	0	17	0.306	2.402651	0	0	0	0	0	2026-01-14 15:02:42.048
177	2026-01-14 17:48:21.957	2026-01-14 17:48:26.266	5	1	0	0	0	12	0.216	1.925082	0	0	0	0	0	2026-01-14 17:48:21.957
178	2026-01-14 18:03:08.962	2026-01-14 18:03:09.719	7	-1	1	0	1	0	0.0	0.0	0	0	0	0	0	
179	2026-01-14 19:09:08.628	2026-01-14 19:09:10.429	5	1	0	0	0	18	0.324	3.514466	0	0	0	0	0	2026-01-14 19:09:08.628
180	2026-01-15 06:37:02.255	2026-01-15 06:37:04.126	5	1	0	0	0	14	0.252	2.828989	0	0	0	0	0	2026-01-15 06:37:02.255
181	2026-01-15 06:41:15.155	2026-01-15 06:41:17.444	5	1	0	0	0	15	0.27	2.267108	0	0	0	0	0	2026-01-15 06:41:15.155
182	2026-01-15 07:00:30.766	2026-01-15 07:00:33.438	5	1	0	0	0	0	0.0	0.0	0	0	0	0	0	
183	2026-01-15 11:20:58.605	2026-01-15 11:21:02.082	5	1	0	0	0	9	0.162	1.860766	0	0	0	0	0	2026-01-15 11:20:58.605
184	2026-01-15 11:23:33.350	2026-01-15 11:23:34.469	3	-1	1	0	1	1	0.018	0.201324	0	0	0	0	0	2026-01-15 11:23:33.350
185	2026-01-15 11:28:52.735	2026-01-15 11:28:54.647	5	1	0	0	0	12	0.216	2.238503	0	0	0	0	0	2026-01-15 11:28:52.735
187	2026-01-15 12:58:22.444	2026-01-15 12:58:23.127	5	1	0	0	0	11	0.198	2.040546	0	0	0	0	0	2026-01-15 12:58:22.444
188	2026-01-15 14:31:34.372	2026-01-15 14:31:35.359	5	1	0	0	0	13	0.234	2.172673	0	0	0	0	0	2026-01-15 14:31:34.372
189	2026-01-15 14:33:19.655	2026-01-15 14:33:20.233	5	1	0	0	0	22	0.396	3.708136	0	0	0	0	0	2026-01-15 14:33:19.655
190	2026-01-15 15:35:40.958	2026-01-15 15:35:43.049	5	1	0	0	0	16	0.288	2.717049	0	0	0	0	0	2026-01-15 15:35:40.958
191	2026-01-15 17:05:22.823	2026-01-15 17:05:23.523	5	1	0	0	0	14	0.252	2.884531	0	0	0	0	0	2026-01-15 17:05:22.823
192	2026-01-15 17:22:45.960	2026-01-15 17:22:46.660	5	1	0	0	0	12	0.216	2.418072	0	0	0	0	0	2026-01-15 17:22:45.960
193	2026-01-15 17:45:08.639	2026-01-15 17:45:09.293	5	1	0	0	0	13	0.234	2.592725	0	0	0	0	0	2026-01-15 17:45:08.639
194	2026-01-15 17:55:28.706	2026-01-15 17:55:31.992	5	1	0	0	0	18	0.324	2.527311	0	0	0	0	0	2026-01-15 17:55:28.706
195	2026-01-15 17:57:19.775	2026-01-15 17:57:20.430	5	1	0	0	0	11	0.198	1.746488	0	0	0	0	0	2026-01-15 17:57:19.775
196	2026-01-16 00:02:38.944	2026-01-16 00:02:40.587	5	1	0	0	0	13	0.234	2.79646	0	0	0	0	0	2026-01-16 00:02:38.944
198	2026-01-16 06:11:46.400	2026-01-16 06:11:48.417	7	-1	1	0	1	0	0.0	0.0	0	0	0	0	0	
200	2026-01-16 07:45:59.086	2026-01-16 07:46:00.608	3	-1	1	0	1	0	0.0	0.0	0	0	0	0	0	
201	2026-01-13 11:21:53.136	2026-01-13 11:21:53.382	7	1	0	0	0	12	0.216	1.956962	0	0	0	0	0	2026-01-13 11:21:53.136
202	2026-01-13 14:50:45.137	2026-01-13 14:50:47.243	5	-1	1	0	1	0	0.0	0.0	0	0	0	0	0	
204	2026-01-13 15:54:25.808	2026-01-13 15:54:26.508	7	1	0	0	0	11	0.198	1.877287	0	0	0	0	0	2026-01-13 15:54:25.808
206	2026-01-13 19:54:36.853	2026-01-13 19:54:37.053	5	-1	1	0	1	0	0.0	0.0	0	0	0	0	0	
207	2026-01-13 20:11:38.083	2026-01-13 20:11:41.359	7	1	0	0	0	22	0.396	3.663412	0	0	0	0	0	2026-01-13 20:11:38.083
208	2026-01-14 06:09:48.043	2026-01-14 06:09:49.783	7	1	0	0	0	15	0.27	2.813409	0	0	0	0	0	2026-01-14 06:09:48.043
209	2026-01-14 09:42:05.378	2026-01-14 09:42:07.023	7	1	0	0	0	18	0.324	3.0277	0	0	0	0	0	2026-01-14 09:42:05.378
210	2026-01-14 09:58:15.050	2026-01-14 09:58:18.345	1	-1	1	0	1	0	0.0	0.0	0	0	0	0	0	
211	2026-01-14 11:04:43.005	2026-01-14 11:04:43.705	7	1	0	0	0	17	0.306	2.429713	0	0	0	0	0	2026-01-14 11:04:43.005
212	2026-01-14 11:09:44.956	2026-01-14 11:09:47.233	5	-1	1	0	1	0	0.0	0.0	0	0	0	0	0	
214	2026-01-14 12:00:29.483	2026-01-14 12:00:30.837	7	1	0	0	0	25	0.45	5.01411	0	0	0	0	0	2026-01-14 12:00:29.483
215	2026-01-14 12:59:18.514	2026-01-14 12:59:18.993	3	-1	1	0	1	0	0.0	0.0	0	0	0	0	0	
216	2026-01-14 13:15:13.709	2026-01-14 13:15:14.623	7	1	0	0	0	10	0.18	2.189017	0	0	0	0	0	2026-01-14 13:15:13.709
217	2026-01-14 13:27:08.172	2026-01-14 13:27:09.427	7	1	0	0	0	15	0.27	2.972866	0	0	0	0	0	2026-01-14 13:27:08.172
218	2026-01-14 16:17:19.030	2026-01-14 16:17:19.730	7	1	0	0	0	13	0.234	2.85736	0	0	0	0	0	2026-01-14 16:17:19.030
219	2026-01-14 17:16:56.290	2026-01-14 17:16:57.224	3	-1	1	0	1	0	0.0	0.0	0	0	0	0	0	
220	2026-01-14 17:56:59.919	2026-01-14 17:57:01.350	7	1	0	0	0	9	0.162	1.440134	0	0	0	0	0	2026-01-14 17:56:59.919
221	2026-01-15 00:59:09.938	2026-01-15 00:59:10.138	7	1	0	0	0	13	0.234	2.851305	0	0	0	0	0	2026-01-15 00:59:09.938
222	2026-01-15 04:51:05.825	2026-01-15 04:51:07.438	7	1	0	0	0	10	0.18	1.638136	0	0	0	0	0	2026-01-15 04:51:05.825
223	2026-01-15 06:01:37.385	2026-01-15 06:01:39.590	7	1	0	0	0	17	0.306	3.195907	0	0	0	0	0	2026-01-15 06:01:37.385
225	2026-01-15 08:51:11.519	2026-01-15 08:51:13.182	7	1	0	0	0	0	0.0	0.0	0	0	0	0	0	
226	2026-01-15 08:55:04.453	2026-01-15 08:55:05.303	7	1	0	0	0	13	0.234	2.306037	0	0	0	0	0	2026-01-15 08:55:04.453
227	2026-01-15 09:01:37.551	2026-01-15 09:01:38.377	7	1	0	0	0	13	0.234	2.852526	0	0	0	0	0	2026-01-15 09:01:37.551
228	2026-01-15 11:04:06.534	2026-01-15 11:04:07.444	7	1	0	0	0	10	0.18	1.866498	0	0	0	0	0	2026-01-15 11:04:06.534
229	2026-01-15 13:06:19.194	2026-01-15 13:06:23.537	7	1	0	0	0	27	0.486	4.69716	0	0	0	0	0	2026-01-15 13:06:19.194
230	2026-01-15 14:25:46.469	2026-01-15 14:25:46.859	7	1	0	0	0	14	0.252	2.54441	0	0	0	0	0	2026-01-15 14:25:46.469
231	2026-01-15 16:01:26.521	2026-01-15 16:01:28.254	5	-1	1	0	1	0	0.0	0.0	0	0	0	0	0	
232	2026-01-15 16:03:20.819	2026-01-15 16:03:21.538	7	1	0	0	0	15	0.27	2.914549	0	0	0	0	0	2026-01-15 16:03:20.819
233	2026-01-15 16:52:08.424	2026-01-15 16:52:09.345	7	1	0	0	0	16	0.288	2.688306	0	0	0	0	0	2026-01-15 16:52:08.424
234	2026-01-15 18:33:14.429	2026-01-15 18:33:17.998	7	1	0	0	0	14	0.252	3.066646	0	0	0	0	0	2026-01-15 18:33:14.429
235	2026-01-15 20:07:18.284	2026-01-15 20:07:19.790	7	1	0	0	0	18	0.324	3.826705	0	0	0	0	0	2026-01-15 20:07:18.284
238	2026-01-13 22:14:41.092	2026-01-13 22:14:41.977	1	1	0	0	0	19	0.342	2.921965	0	0	0	0	0	2026-01-13 22:14:41.092
239	2026-01-13 22:22:13.915	2026-01-13 22:22:14.900	1	1	0	0	0	14	0.252	2.176339	0	0	0	0	0	2026-01-13 22:22:13.915
240	2026-01-14 02:31:04.343	2026-01-14 02:31:07.598	7	-1	1	0	1	0	0.0	0.0	0	0	0	0	0	
241	2026-01-14 06:30:50.407	2026-01-14 06:30:53.123	1	1	0	0	0	21	0.378	4.026965	0	0	0	0	0	2026-01-14 06:30:50.407
243	2026-01-14 11:39:58.396	2026-01-14 11:39:58.669	1	1	0	0	0	17	0.306	3.438662	0	0	0	0	0	2026-01-14 11:39:58.396
244	2026-01-14 11:44:08.871	2026-01-14 11:44:09.071	3	-1	1	0	1	0	0.0	0.0	0	0	0	0	0	
245	2026-01-14 11:53:38.883	2026-01-14 11:53:39.223	7	-1	1	0	1	0	0.0	0.0	0	0	0	0	0	
246	2026-01-14 13:45:55.938	2026-01-14 13:45:56.485	1	1	0	0	0	10	0.18	1.68047	0	0	0	0	0	2026-01-14 13:45:55.938
247	2026-01-14 14:21:49.503	2026-01-14 14:21:49.926	1	1	0	0	0	19	0.342	4.019176	0	0	0	0	0	2026-01-14 14:21:49.503
249	2026-01-14 15:58:58.291	2026-01-14 15:59:00.715	1	1	0	0	0	17	0.306	3.355089	0	0	0	0	0	2026-01-14 15:58:58.291
250	2026-01-14 16:43:49.918	2026-01-14 16:43:54.161	1	1	0	0	0	0	0.0	0.0	0	0	0	0	0	
251	2026-01-14 17:34:54.395	2026-01-14 17:34:54.595	1	1	0	0	0	15	0.27	2.661571	0	0	0	0	0	2026-01-14 17:34:54.395
252	2026-01-15 03:31:01.909	2026-01-15 03:31:03.514	1	1	0	0	0	15	0.27	3.258997	0	0	0	0	0	2026-01-15 03:31:01.909
253	2026-01-15 04:09:41.042	2026-01-15 04:09:42.834	3	-1	1	0	1	3	0.054	0.639053	0	0	0	0	0	2026-01-15 04:09:41.042
258	2026-01-15 09:26:45.880	2026-01-15 09:26:46.580	1	1	0	0	0	16	0.288	2.993981	0	0	0	0	0	2026-01-15 09:26:45.880
259	2026-01-15 11:22:19.558	2026-01-15 11:22:25.339	7	-1	1	0	1	0	0.0	0.0	0	0	0	0	0	
260	2026-01-15 11:45:07.723	2026-01-15 11:45:11.598	1	1	0	0	0	6	0.108	0.962279	0	0	0	0	0	2026-01-15 11:45:07.723
262	2026-01-15 21:31:17.692	2026-01-15 21:31:17.892	1	1	0	0	0	14	0.252	2.055353	0	0	0	0	0	2026-01-15 21:31:17.692
263	2026-01-15 22:50:23.214	2026-01-15 22:50:24.269	1	1	0	0	0	28	0.504	4.855823	0	0	0	0	0	2026-01-15 22:50:23.214
264	2026-01-16 07:07:35.583	2026-01-16 07:07:35.878	1	1	0	0	0	16	0.288	3.149833	0	0	0	0	0	2026-01-16 07:07:35.583
266	2026-01-13 08:42:32.127	2026-01-13 08:42:32.620	3	1	0	0	0	13	0.234	2.598167	0	0	0	0	0	2026-01-13 08:42:32.127
267	2026-01-13 10:01:08.154	2026-01-13 10:01:10.329	1	-1	1	0	1	0	0.0	0.0	0	0	0	0	0	
268	2026-01-13 10:17:37.402	2026-01-13 10:17:38.381	3	1	0	0	0	19	0.342	2.967403	0	0	0	0	0	2026-01-13 10:17:37.402
269	2026-01-13 11:42:02.453	2026-01-13 11:42:05.496	1	-1	1	0	1	0	0.0	0.0	0	0	0	0	0	
270	2026-01-13 15:38:28.284	2026-01-13 15:38:28.995	7	-1	1	0	1	0	0.0	0.0	0	0	0	0	0	
273	2026-01-14 01:53:35.720	2026-01-14 01:53:36.195	3	1	0	0	0	0	0.0	0.0	0	0	0	0	0	
274	2026-01-14 02:25:09.231	2026-01-14 02:25:09.931	3	1	0	0	0	9	0.162	1.711636	0	0	0	0	0	2026-01-14 02:25:09.231
275	2026-01-14 08:02:05.332	2026-01-14 08:02:06.032	5	-1	1	0	1	2	0.036	0.353195	0	0	0	0	0	2026-01-14 08:02:05.332
278	2026-01-14 12:47:36.994	2026-01-14 12:47:37.760	1	-1	1	0	1	0	0.0	0.0	0	0	0	0	0	
279	2026-01-14 13:21:07.450	2026-01-14 13:21:07.983	3	1	0	0	0	16	0.288	2.923419	0	0	0	0	0	2026-01-14 13:21:07.450
280	2026-01-14 13:35:09.731	2026-01-14 13:35:10.431	5	-1	1	0	1	0	0.0	0.0	0	0	0	0	0	
281	2026-01-14 17:35:41.758	2026-01-14 17:35:43.546	1	-1	1	0	1	0	0.0	0.0	0	0	0	0	0	
282	2026-01-14 18:05:21.475	2026-01-14 18:05:27.259	3	1	0	0	0	14	0.252	2.757251	0	0	0	0	0	2026-01-14 18:05:21.475
283	2026-01-14 20:07:05.899	2026-01-14 20:07:07.685	3	1	0	0	0	19	0.342	2.819846	0	0	0	0	0	2026-01-14 20:07:05.899
284	2026-01-14 21:16:11.954	2026-01-14 21:16:12.718	3	1	0	0	0	21	0.378	3.916041	0	0	0	0	0	2026-01-14 21:16:11.954
285	2026-01-15 06:18:19.531	2026-01-15 06:18:20.164	3	1	0	0	0	0	0.0	0.0	0	0	0	0	0	
287	2026-01-15 07:17:58.632	2026-01-15 07:17:59.386	3	1	0	0	0	10	0.18	2.067812	0	0	0	0	0	2026-01-15 07:17:58.632
288	2026-01-15 07:42:00.226	2026-01-15 07:42:00.742	1	-1	1	0	1	3	0.054	0.532683	0	0	0	0	0	2026-01-15 07:42:00.226
289	2026-01-15 09:40:47.768	2026-01-15 09:40:48.577	3	1	0	0	0	12	0.216	2.307503	0	0	0	0	0	2026-01-15 09:40:47.768
290	2026-01-15 10:28:48.727	2026-01-15 10:28:49.383	1	-1	1	0	1	0	0.0	0.0	0	0	0	0	0	
291	2026-01-15 11:46:09.760	2026-01-15 11:46:10.134	3	1	0	0	0	25	0.45	4.364964	0	0	0	0	0	2026-01-15 11:46:09.760
292	2026-01-15 12:10:58.801	2026-01-15 12:11:00.263	3	1	0	0	0	15	0.27	2.304013	0	0	0	0	0	2026-01-15 12:10:58.801
293	2026-01-15 12:20:36.077	2026-01-15 12:20:37.811	3	1	0	0	0	11	0.198	1.564092	0	0	0	0	0	2026-01-15 12:20:36.077
294	2026-01-15 12:40:44.597	2026-01-15 12:40:45.084	7	-1	1	0	1	0	0.0	0.0	0	0	0	0	0	
295	2026-01-15 14:18:27.328	2026-01-15 14:18:29.532	3	1	0	0	0	12	0.216	1.695248	0	0	0	0	0	2026-01-15 14:18:27.328
297	2026-01-15 15:43:34.560	2026-01-15 15:43:35.510	3	1	0	0	0	15	0.27	2.225464	0	0	0	0	0	2026-01-15 15:43:34.560
298	2026-01-15 16:44:33.548	2026-01-15 16:44:34.089	3	1	0	0	0	18	0.324	2.791448	0	0	0	0	0	2026-01-15 16:44:33.548
299	2026-01-15 16:58:18.103	2026-01-15 16:58:20.425	3	1	0	0	0	12	0.216	2.33611	0	0	0	0	0	2026-01-15 16:58:18.103
300	2026-01-15 17:59:40.968	2026-01-15 17:59:41.335	3	1	0	0	0	17	0.306	2.452963	0	0	0	0	0	2026-01-15 17:59:40.968
301	2026-01-15 18:21:36.189	2026-01-15 18:21:39.208	3	1	0	0	0	20	0.36	3.884974	0	0	0	0	0	2026-01-15 18:21:36.189
302	2026-01-16 03:36:08.188	2026-01-16 03:36:08.783	3	1	0	0	0	14	0.252	3.078276	0	0	0	0	0	2026-01-16 03:36:08.188
304	2026-01-16 07:51:53.649	2026-01-16 07:51:54.182	3	1	0	0	0	11	0.198	1.649242	0	0	0	0	0	2026-01-16 07:51:53.649
306	2026-01-13 16:17:35.747	2026-01-13 16:17:35.989	5	1	0	0	0	14	0.252	2.193765	0	0	0	0	0	2026-01-13 16:17:35.747
307	2026-01-13 16:31:42.526	2026-01-13 16:31:44.783	1	-1	1	0	1	0	0.0	0.0	0	0	0	0	0	
308	2026-01-13 21:24:30.130	2026-01-13 21:24:31.923	5	1	0	0	0	14	0.252	2.000999	0	0	0	0	0	2026-01-13 21:24:30.130
310	2026-01-14 00:18:37.863	2026-01-14 00:18:38.563	5	1	0	0	0	17	0.306	2.593755	0	0	0	0	0	2026-01-14 00:18:37.863
311	2026-01-14 07:35:09.218	2026-01-14 07:35:12.068	5	1	0	0	0	0	0.0	0.0	0	0	0	0	0	
312	2026-01-14 07:39:12.039	2026-01-14 07:39:13.563	5	1	0	0	0	17	0.306	3.569782	0	0	0	0	0	2026-01-14 07:39:12.039
313	2026-01-14 07:52:39.002	2026-01-14 07:52:39.408	5	1	0	0	0	14	0.252	2.809965	0	0	0	0	0	2026-01-14 07:52:39.002
314	2026-01-14 09:56:27.824	2026-01-14 09:56:28.128	5	1	0	0	0	17	0.306	2.60053	0	0	0	0	0	2026-01-14 09:56:27.824
315	2026-01-14 13:42:18.686	2026-01-14 13:42:21.021	5	1	0	0	0	12	0.216	1.71901	0	0	0	0	0	2026-01-14 13:42:18.686
316	2026-01-14 13:55:07.146	2026-01-14 13:55:08.868	5	1	0	0	0	13	0.234	1.987028	0	0	0	0	0	2026-01-14 13:55:07.146
317	2026-01-14 15:31:49.661	2026-01-14 15:31:51.826	3	-1	1	0	1	0	0.0	0.0	0	0	0	0	0	
318	2026-01-14 15:46:22.421	2026-01-14 15:46:25.723	5	1	0	0	0	15	0.27	2.230964	0	0	0	0	0	2026-01-14 15:46:22.421
319	2026-01-14 16:13:35.664	2026-01-14 16:13:37.524	5	1	0	0	0	16	0.288	2.952368	0	0	0	0	0	2026-01-14 16:13:35.664
320	2026-01-14 17:23:00.760	2026-01-14 17:23:01.743	5	1	0	0	0	0	0.0	0.0	0	0	0	0	0	
321	2026-01-14 17:55:39.544	2026-01-14 17:55:39.744	5	1	0	0	0	15	0.27	2.698259	0	0	0	0	0	2026-01-14 17:55:39.544
323	2026-01-15 02:01:58.149	2026-01-15 02:02:02.215	5	1	0	0	0	12	0.216	2.57047	0	0	0	0	0	2026-01-15 02:01:58.149
324	2026-01-15 06:07:25.447	2026-01-15 06:07:26.324	5	1	0	0	0	10	0.18	1.403405	0	0	0	0	0	2026-01-15 06:07:25.447
325	2026-01-15 06:15:29.435	2026-01-15 06:15:32.415	5	1	0	0	0	18	0.324	3.407474	0	0	0	0	0	2026-01-15 06:15:29.435
326	2026-01-15 08:34:10.450	2026-01-15 08:34:11.788	5	1	0	0	0	9	0.162	1.293307	0	0	0	0	0	2026-01-15 08:34:10.450
327	2026-01-15 09:36:03.102	2026-01-15 09:36:03.802	5	1	0	0	0	10	0.18	1.531171	0	0	0	0	0	2026-01-15 09:36:03.102
328	2026-01-15 10:51:00.783	2026-01-15 10:51:04.991	3	-1	1	0	1	0	0.0	0.0	0	0	0	0	0	
330	2026-01-15 12:20:57.571	2026-01-15 12:20:57.920	5	1	0	0	0	14	0.252	2.762831	0	0	0	0	0	2026-01-15 12:20:57.571
331	2026-01-15 12:34:36.497	2026-01-15 12:34:37.281	3	-1	1	0	1	0	0.0	0.0	0	0	0	0	0	
332	2026-01-15 14:04:47.844	2026-01-15 14:04:48.847	5	1	0	0	0	19	0.342	2.93544	0	0	0	0	0	2026-01-15 14:04:47.844
333	2026-01-15 17:11:53.679	2026-01-15 17:11:59.932	5	1	0	0	0	12	0.216	1.765701	0	0	0	0	0	2026-01-15 17:11:53.679
334	2026-01-15 17:52:18.624	2026-01-15 17:52:19.324	3	-1	1	0	1	0	0.0	0.0	0	0	0	0	0	
335	2026-01-15 19:50:39.055	2026-01-15 19:50:40.198	5	1	0	0	0	10	0.18	1.767705	0	0	0	0	0	2026-01-15 19:50:39.055
337	2026-01-16 06:16:52.697	2026-01-16 06:16:54.165	5	1	0	0	0	17	0.306	3.524561	0	0	0	0	0	2026-01-16 06:16:52.697
338	2026-01-16 07:08:46.579	2026-01-16 07:08:50.698	5	1	0	0	0	13	0.234	2.60101	0	0	0	0	0	2026-01-16 07:08:46.579
339	2026-01-16 07:46:42.307	2026-01-16 07:46:44.042	5	1	0	0	0	14	0.252	2.060293	0	0	0	0	0	2026-01-16 07:46:42.307
340	2026-01-13 08:09:17.450	2026-01-13 08:09:18.548	3	-1	1	0	1	0	0.0	0.0	0	0	0	0	0	
342	2026-01-13 08:35:45.577	2026-01-13 08:35:48.421	5	-1	1	0	1	2	0.036	0.29877	0	0	0	0	0	2026-01-13 08:35:45.577
344	2026-01-13 12:36:48.624	2026-01-13 12:36:51.492	7	1	0	0	0	13	0.234	2.607977	0	0	0	0	0	2026-01-13 12:36:48.624
346	2026-01-13 16:00:21.457	2026-01-13 16:00:23.664	7	1	0	0	0	15	0.27	3.147746	0	0	0	0	0	2026-01-13 16:00:21.457
347	2026-01-13 17:50:58.883	2026-01-13 17:51:02.752	3	-1	1	0	1	0	0.0	0.0	0	0	0	0	0	
348	2026-01-14 03:50:25.353	2026-01-14 03:50:26.905	7	1	0	0	0	14	0.252	3.022456	0	0	0	0	0	2026-01-14 03:50:25.353
350	2026-01-14 07:26:20.618	2026-01-14 07:26:21.787	7	1	0	0	0	18	0.324	3.470206	0	0	0	0	0	2026-01-14 07:26:20.618
351	2026-01-14 07:51:53.485	2026-01-14 07:51:53.685	1	-1	1	0	1	5	0.09	0.760204	0	0	0	0	0	2026-01-14 07:51:53.485
352	2026-01-14 09:09:13.314	2026-01-14 09:09:13.681	7	1	0	0	0	13	0.234	1.888456	0	0	0	0	0	2026-01-14 09:09:13.314
353	2026-01-14 10:57:44.858	2026-01-14 10:57:45.640	7	1	0	0	0	13	0.234	1.923838	0	0	0	0	0	2026-01-14 10:57:44.858
357	2026-01-14 15:24:03.149	2026-01-14 15:24:04.259	7	1	0	0	0	22	0.396	3.490323	0	0	0	0	0	2026-01-14 15:24:03.149
358	2026-01-14 16:38:37.909	2026-01-14 16:38:38.936	7	1	0	0	0	21	0.378	3.465201	0	0	0	0	0	2026-01-14 16:38:37.909
361	2026-01-15 00:18:21.675	2026-01-15 00:18:24.820	7	1	0	0	0	13	0.234	2.149699	0	0	0	0	0	2026-01-15 00:18:21.675
362	2026-01-15 01:00:40.884	2026-01-15 01:00:42.121	1	-1	1	0	1	0	0.0	0.0	0	0	0	0	0	
363	2026-01-15 05:05:25.301	2026-01-15 05:05:26.385	7	1	0	0	0	8	0.144	1.673396	0	0	0	0	0	2026-01-15 05:05:25.301
364	2026-01-15 07:06:23.284	2026-01-15 07:06:25.125	7	1	0	0	0	17	0.306	3.404266	0	0	0	0	0	2026-01-15 07:06:23.284
365	2026-01-15 07:07:14.845	2026-01-15 07:07:17.324	7	1	0	0	0	9	0.162	1.891148	0	0	0	0	0	2026-01-15 07:07:14.845
366	2026-01-15 07:57:41.725	2026-01-15 07:57:41.974	7	1	0	0	0	12	0.216	1.704925	0	0	0	0	0	2026-01-15 07:57:41.725
368	2026-01-15 09:26:45.578	2026-01-15 09:26:46.278	7	1	0	0	0	8	0.144	1.748592	0	0	0	0	0	2026-01-15 09:26:45.578
369	2026-01-15 09:30:52.339	2026-01-15 09:30:54.612	7	1	0	0	0	16	0.288	3.508342	0	0	0	0	0	2026-01-15 09:30:52.339
370	2026-01-15 11:16:47.399	2026-01-15 11:16:48.835	7	1	0	0	0	19	0.342	2.983252	0	0	0	0	0	2026-01-15 11:16:47.399
371	2026-01-15 12:24:52.426	2026-01-15 12:24:54.455	7	1	0	0	0	19	0.342	4.179814	0	0	0	0	0	2026-01-15 12:24:52.426
372	2026-01-15 14:11:17.187	2026-01-15 14:11:18.007	7	1	0	0	0	15	0.27	2.533638	0	0	0	0	0	2026-01-15 14:11:17.187
374	2026-01-15 17:46:39.343	2026-01-15 17:46:42.392	7	1	0	0	0	0	0.0	0.0	0	0	0	0	0	
375	2026-01-15 21:00:07.673	2026-01-15 21:00:10.210	7	1	0	0	0	7	0.126	1.427911	0	0	0	0	0	2026-01-15 21:00:07.673
376	2026-01-15 23:12:06.324	2026-01-15 23:12:08.262	7	1	0	0	0	15	0.27	2.905171	0	0	0	0	0	2026-01-15 23:12:06.324
377	2026-01-16 07:36:04.212	2026-01-16 07:36:06.221	7	1	0	0	0	13	0.234	2.073755	0	0	0	0	0	2026-01-16 07:36:04.212
