VisitID	Start	End	Side	SideCondition	SideError	TimeError	ConditionError	LickNumber	LickContactTime	LickDuration	AirState	DoorState	LED1State	LED2State	LED3State	LickStartTime
2	2026-01-10 11:51:01.889	2026-01-10 11:51:03.222	3	-1	1	0	1	0	0.0	0.0	0	0	0	0	0	
3	2026-01-10 12:05:49.961	2026-01-10 12:05:51.816	1	1	0	0	0	13	0.234	2.129352	0	0	0	0	0	2026-01-10 12:05:49.961
4	2026-01-10 13:32:13.740	2026-01-10 13:32:16.172	1	1	0	0	0	14	0.252	2.297702	0	0	0	0	0	2026-01-10 13:32:13.740
5	2026-01-10 14:00:37.976	2026-01-10 14:00:38.492	1	1	0	0	0	9	0.162	1.608021	0	0	0	0	0	2026-01-10 14:00:37.976
8	2026-01-10 17:10:58.517	2026-01-10 17:10:59.540	1	1	0	0	0	15	0.27	2.927802	0	0	0	0	0	2026-01-10 17:10:58.517
9	2026-01-10 18:17:36.796	2026-01-10 18:17:37.143	1	1	0	0	0	14	0.252	2.201806	0	0	0	0	0	2026-01-10 18:17:36.796
10	2026-01-10 19:41:37.477	2026-01-10 19:41:41.327	1	1	0	0	0	0	0.0	0.0	0	0	0	0	0	
11	2026-01-10 20:22:57.228	2026-01-10 20:22:57.428	1	1	0	0	0	17	0.306	3.330457	0	0	0	0	0	2026-01-10 20:22:57.228
14	2026-01-11 06:33:56.500	2026-01-11 06:33:57.459	1	1	0	0	0	0	0.0	0.0	0	0	0	0	0	
15	2026-01-11 06:47:55.007	2026-01-11 06:47:58.636	1	1	0	0	0	17	0.306	3.04403	0	0	0	0	0	2026-01-11 06:47:55.007
16	2026-01-11 07:04:52.205	2026-01-11 07:04:53.554	1	1	0	0	0	12	0.216	2.425763	0	0	0	0	0	2026-01-11 07:04:52.205
17	2026-01-11 08:03:24.594	2026-01-11 08:03:25.744	1	1	0	0	0	18	0.324	3.347345	0	0	0	0	0	2026-01-11 08:03:24.594
21	2026-01-11 10:21:10.840	2026-01-11 10:21:11.607	1	1	0	0	0	13	0.234	2.787506	0	0	0	0	0	2026-01-11 10:21:10.840
23	2026-01-11 11:00:23.133	2026-01-11 11:00:24.957	1	1	0	0	0	20	0.36	3.820398	0	0	0	0	0	2026-01-11 11:00:23.133
25	2026-01-11 14:57:48.211	2026-01-11 14:57:49.093	1	1	0	0	0	15	0.27	2.941682	0	0	0	0	0	2026-01-11 14:57:48.211
27	2026-01-11 21:05:33.713	2026-01-11 21:05:34.751	1	1	0	0	0	24	0.432	4.448311	0	0	0	0	0	2026-01-11 21:05:33.713
28	2026-01-11 22:16:37.216	2026-01-11 22:16:39.161	1	1	0	0	0	10	0.18	1.960185	0	0	0	0	0	2026-01-11 22:16:37.216
29	2026-01-11 23:57:02.589	2026-01-11 23:57:03.806	1	1	0	0	0	14	0.252	2.134106	0	0	0	0	0	2026-01-11 23:57:02.589
30	2026-01-12 06:36:40.628	2026-01-12 06:36:41.718	5	-1	1	0	1	2	0.036	0.439152	0	0	0	0	0	2026-01-12 06:36:40.628
32	2026-01-12 06:55:16.327	2026-01-12 06:55:17.449	1	1	0	0	0	0	0.0	0.0	0	0	0	0	0	
33	2026-01-12 07:20:56.333	2026-01-12 07:20:56.579	1	1	0	0	0	12	0.216	1.763019	0	0	0	0	0	2026-01-12 07:20:56.333
36	2026-01-12 13:22:57.386	2026-01-12 13:22:58.213	1	1	0	0	0	21	0.378	3.279224	0	0	0	0	0	2026-01-12 13:22:57.386
37	2026-01-12 13:50:31.897	2026-01-12 13:50:32.844	1	1	0	0	0	12	0.216	2.514625	0	0	0	0	0	2026-01-12 13:50:31.897
38	2026-01-12 13:57:27.439	2026-01-12 13:57:28.182	1	1	0	0	0	15	0.27	2.44987	0	0	0	0	0	2026-01-12 13:57:27.439
39	2026-01-12 14:28:08.708	2026-01-12 14:28:09.522	1	1	0	0	0	23	0.414	4.259794	0	0	0	0	0	2026-01-12 14:28:08.708
40	2026-01-12 14:33:07.927	2026-01-12 14:33:08.759	1	1	0	0	0	20	0.36	4.15666	0	0	0	0	0	2026-01-12 14:33:07.927
41	2026-01-12 15:51:17.524	2026-01-12 15:51:18.039	1	1	0	0	0	0	0.0	0.0	0	0	0	0	0	
42	2026-01-12 16:03:25.600	2026-01-12 16:03:26.206	1	1	0	0	0	8	0.144	1.129569	0	0	0	0	0	2026-01-12 16:03:25.600
43	2026-01-12 16:50:47.590	2026-01-12 16:50:48.702	7	-1	1	0	1	0	0.0	0.0	0	0	0	0	0	
44	2026-01-12 16:59:42.087	2026-01-12 16:59:44.046	1	1	0	0	0	16	0.288	2.968766	0	0	0	0	0	2026-01-12 16:59:42.087
45	2026-01-12 17:35:46.864	2026-01-12 17:35:48.590	1	1	0	0	0	9	0.162	1.466539	0	0	0	0	0	2026-01-12 17:35:46.864
47	2026-01-13 05:31:05.198	2026-01-13 05:31:05.398	1	1	0	0	0	10	0.18	2.0242	0	0	0	0	0	2026-01-13 05:31:05.198
48	2026-01-13 06:03:38.842	2026-01-13 06:03:40.567	1	1	0	0	0	16	0.288	2.582405	0	0	0	0	0	2026-01-13 06:03:38.842
49	2026-01-13 07:24:54.471	2026-01-13 07:24:55.484	1	1	0	0	0	15	0.27	2.266963	0	0	0	0	0	2026-01-13 07:24:54.471
51	2026-01-13 07:56:38.221	2026-01-13 07:56:39.453	1	1	0	0	0	13	0.234	2.575296	0	0	0	0	0	2026-01-13 07:56:38.221
54	2026-01-10 10:03:16.209	2026-01-10 10:03:16.681	5	-1	1	0	1	0	0.0	0.0	0	0	0	0	0	
57	2026-01-10 11:27:19.626	2026-01-10 11:27:20.276	3	1	0	0	0	15	0.27	2.810228	0	0	0	0	0	2026-01-10 11:27:19.626
58	2026-01-10 13:52:04.409	2026-01-10 13:52:05.394	3	1	0	0	0	0	0.0	0.0	0	0	0	0	0	
59	2026-01-10 15:20:33.047	2026-01-10 15:20:34.380	1	-1	1	0	1	0	0.0	0.0	0	0	0	0	0	
60	2026-01-10 18:43:42.760	2026-01-10 18:43:44.938	3	1	0	0	0	21	0.378	4.199823	0	0	0	0	0	2026-01-10 18:43:42.760
61	2026-01-10 19:15:31.636	2026-01-10 19:15:32.786	3	1	0	0	0	10	0.18	1.694693	0	0	0	0	0	2026-01-10 19:15:31.636
62	2026-01-11 01:13:02.631	2026-01-11 01:13:04.091	3	1	0	0	0	0	0.0	0.0	0	0	0	0	0	
63	2026-01-11 05:06:25.773	2026-01-11 05:06:27.407	3	1	0	0	0	16	0.288	2.350016	0	0	0	0	0	2026-01-11 05:06:25.773
64	2026-01-11 07:07:07.848	2026-01-11 07:07:08.790	5	-1	1	0	1	0	0.0	0.0	0	0	0	0	0	
65	2026-01-11 07:50:04.714	2026-01-11 07:50:09.642	3	1	0	0	0	15	0.27	2.798348	0	0	0	0	0	2026-01-11 07:50:04.714
66	2026-01-11 09:09:55.322	2026-01-11 09:09:56.738	3	1	0	0	0	14	0.252	2.598354	0	0	0	0	0	2026-01-11 09:09:55.322
67	2026-01-11 09:26:34.997	2026-01-11 09:26:36.668	7	-1	1	0	1	0	0.0	0.0	0	0	0	0	0	
70	2026-01-11 10:39:20.845	2026-01-11 10:39:21.840	3	1	0	0	0	16	0.288	3.158221	0	0	0	0	0	2026-01-11 10:39:20.845
71	2026-01-11 12:09:55.562	2026-01-11 12:09:56.173	3	1	0	0	0	6	0.108	1.215056	0	0	0	0	0	2026-01-11 12:09:55.562
73	2026-01-11 12:31:50.359	2026-01-11 12:31:53.439	3	1	0	0	0	19	0.342	2.908704	0	0	0	0	0	2026-01-11 12:31:50.359
74	2026-01-11 14:09:52.831	2026-01-11 14:09:53.221	3	1	0	0	0	14	0.252	3.074717	0	0	0	0	0	2026-01-11 14:09:52.831
75	2026-01-11 14:35:07.652	2026-01-11 14:35:08.545	3	1	0	0	0	15	0.27	2.337514	0	0	0	0	0	2026-01-11 14:35:07.652
76	2026-01-11 15:32:30.732	2026-01-11 15:32:31.109	1	-1	1	0	1	0	0.0	0.0	0	0	0	0	0	
78	2026-01-11 17:40:22.639	2026-01-11 17:40:24.647	3	1	0	0	0	0	0.0	0.0	0	0	0	0	0	
79	2026-01-11 17:48:28.834	2026-01-11 17:48:29.534	3	1	0	0	0	11	0.198	1.972487	0	0	0	0	0	2026-01-11 17:48:28.834
81	2026-01-12 01:26:00.512	2026-01-12 01:26:00.849	3	1	0	0	0	0	0.0	0.0	0	0	0	0	0	
82	2026-01-12 02:07:18.195	2026-01-12 02:07:18.765	3	1	0	0	0	11	0.198	2.318977	0	0	0	0	0	2026-01-12 02:07:18.195
83	2026-01-12 02:10:27.520	2026-01-12 02:10:28.202	3	1	0	0	0	16	0.288	2.847097	0	0	0	0	0	2026-01-12 02:10:27.520
84	2026-01-12 06:35:29.155	2026-01-12 06:35:31.958	3	1	0	0	0	7	0.126	1.361801	0	0	0	0	0	2026-01-12 06:35:29.155
85	2026-01-12 09:07:57.228	2026-01-12 09:07:59.064	3	1	0	0	0	13	0.234	2.423773	0	0	0	0	0	2026-01-12 09:07:57.228
86	2026-01-12 09:19:09.560	2026-01-12 09:19:11.621	3	1	0	0	0	18	0.324	3.769188	0	0	0	0	0	2026-01-12 09:19:09.560
87	2026-01-12 09:22:06.310	2026-01-12 09:22:06.794	3	1	0	0	0	12	0.216	2.014222	0	0	0	0	0	2026-01-12 09:22:06.310
88	2026-01-12 10:25:23.251	2026-01-12 10:25:25.977	3	1	0	0	0	15	0.27	2.698203	0	0	0	0	0	2026-01-12 10:25:23.251
89	2026-01-12 10:27:05.930	2026-01-12 10:27:07.244	3	1	0	0	0	12	0.216	1.960766	0	0	0	0	0	2026-01-12 10:27:05.930
91	2026-01-12 10:51:44.673	2026-01-12 10:51:46.361	3	1	0	0	0	16	0.288	3.055206	0	0	0	0	0	2026-01-12 10:51:44.673
92	2026-01-12 11:41:29.203	2026-01-12 11:41:30.312	3	1	0	0	0	12	0.216	1.958668	0	0	0	0	0	2026-01-12 11:41:29.203
93	2026-01-12 12:48:38.103	2026-01-12 12:48:39.659	3	1	0	0	0	15	0.27	2.783813	0	0	0	0	0	2026-01-12 12:48:38.103
94	2026-01-12 12:59:19.630	2026-01-12 12:59:19.830	3	1	0	0	0	19	0.342	2.883328	0	0	0	0	0	2026-01-12 12:59:19.630
95	2026-01-12 13:42:01.892	2026-01-12 13:42:02.898	3	1	0	0	0	0	0.0	0.0	0	0	0	0	0	
96	2026-01-12 13:46:00.057	2026-01-12 13:46:02.122	3	1	0	0	0	19	0.342	3.826628	0	0	0	0	0	2026-01-12 13:46:00.057
97	2026-01-12 18:32:03.285	2026-01-12 18:32:03.703	3	1	0	0	0	0	0.0	0.0	0	0	0	0	0	
98	2026-01-13 00:39:10.419	2026-01-13 00:39:12.807	5	-1	1	0	1	0	0.0	0.0	0	0	0	0	0	
100	2026-01-13 04:51:03.700	2026-01-13 04:51:06.483	3	1	0	0	0	18	0.324	3.613892	0	0	0	0	0	2026-01-13 04:51:03.700
101	2026-01-13 06:10:44.237	2026-01-13 06:10:45.112	3	1	0	0	0	13	0.234	2.780311	0	0	0	0	0	2026-01-13 06:10:44.237
103	2026-01-10 12:14:07.536	2026-01-10 12:14:07.963	5	1	0	0	0	15	0.27	3.122449	0	0	0	0	0	2026-01-10 12:14:07.536
104	2026-01-10 13:52:08.262	2026-01-10 13:52:08.462	5	1	0	0	0	18	0.324	3.772539	0	0	0	0	0	2026-01-10 13:52:08.262
105	2026-01-10 13:52:32.389	2026-01-10 13:52:32.868	5	1	0	0	0	14	0.252	2.119074	0	0	0	0	0	2026-01-10 13:52:32.389
106	2026-01-10 15:12:41.600	2026-01-10 15:12:42.300	5	1	0	0	0	16	0.288	2.639975	0	0	0	0	0	2026-01-10 15:12:41.600
107	2026-01-10 15:43:48.978	2026-01-10 15:43:49.678	5	1	0	0	0	16	0.288	2.712589	0	0	0	0	0	2026-01-10 15:43:48.978
108	2026-01-10 15:49:10.734	2026-01-10 15:49:16.511	5	1	0	0	0	15	0.27	2.166486	0	0	0	0	0	2026-01-10 15:49:10.734
109	2026-01-10 16:20:29.687	2026-01-10 16:20:30.207	5	1	0	0	0	17	0.306	3.170802	0	0	0	0	0	2026-01-10 16:20:29.687
110	2026-01-10 20:15:04.857	2026-01-10 20:15:06.715	5	1	0	0	0	6	0.108	0.959672	0	0	0	0	0	2026-01-10 20:15:04.857
112	2026-01-11 08:51:30.394	2026-01-11 08:51:32.915	7	-1	1	0	1	0	0.0	0.0	0	0	0	0	0	
113	2026-01-11 10:06:00.223	2026-01-11 10:06:00.938	1	-1	1	0	1	0	0.0	0.0	0	0	0	0	0	
114	2026-01-11 10:56:16.736	2026-01-11 10:56:17.367	5	1	0	0	0	14	0.252	1.989925	0	0	0	0	0	2026-01-11 10:56:16.736
116	2026-01-11 13:16:08.227	2026-01-11 13:16:10.734	5	1	0	0	0	14	0.252	2.401524	0	0	0	0	0	2026-01-11 13:16:08.227
117	2026-01-11 14:14:04.779	2026-01-11 14:14:05.524	5	1	0	0	0	17	0.306	2.498914	0	0	0	0	0	2026-01-11 14:14:04.779
118	2026-01-11 14:59:13.122	2026-01-11 14:59:14.775	5	1	0	0	0	12	0.216	2.174427	0	0	0	0	0	2026-01-11 14:59:13.122
119	2026-01-11 15:55:48.719	2026-01-11 15:55:51.400	5	1	0	0	0	19	0.342	3.946466	0	0	0	0	0	2026-01-11 15:55:48.719
120	2026-01-11 15:56:04.582	2026-01-11 15:56:06.532	5	1	0	0	0	0	0.0	0.0	0	0	0	0	0	
121	2026-01-11 16:29:20.557	2026-01-11 16:29:20.757	5	1	0	0	0	14	0.252	2.600523	0	0	0	0	0	2026-01-11 16:29:20.557
122	2026-01-12 02:32:42.138	2026-01-12 02:32:44.555	5	1	0	0	0	14	0.252	2.456701	0	0	0	0	0	2026-01-12 02:32:42.138
123	2026-01-12 08:00:49.035	2026-01-12 08:00:49.450	5	1	0	0	0	11	0.198	2.399466	0	0	0	0	0	2026-01-12 08:00:49.035
124	2026-01-12 08:06:32.233	2026-01-12 08:06:32.998	5	1	0	0	0	0	0.0	0.0	0	0	0	0	0	
127	2026-01-12 09:43:31.021	2026-01-12 09:43:34.073	5	1	0	0	0	13	0.234	1.854743	0	0	0	0	0	2026-01-12 09:43:31.021
129	2026-01-12 10:28:19.035	2026-01-12 10:28:19.443	5	1	0	0	0	14	0.252	2.772885	0	0	0	0	0	2026-01-12 10:28:19.035
130	2026-01-12 11:43:29.138	2026-01-12 11:43:30.633	5	1	0	0	0	11	0.198	1.755203	0	0	0	0	0	2026-01-12 11:43:29.138
131	2026-01-12 12:14:53.065	2026-01-12 12:14:54.647	5	1	0	0	0	18	0.324	3.712005	0	0	0	0	0	2026-01-12 12:14:53.065
132	2026-01-12 12:42:34.570	2026-01-12 12:42:35.852	5	1	0	0	0	17	0.306	3.100743	0	0	0	0	0	2026-01-12 12:42:34.570
134	2026-01-12 13:45:51.994	2026-01-12 13:45:55.983	5	1	0	0	0	25	0.45	4.618279	0	0	0	0	0	2026-01-12 13:45:51.994
138	2026-01-12 16:24:19.669	2026-01-12 16:24:22.913	7	-1	1	0	1	0	0.0	0.0	0	0	0	0	0	
139	2026-01-13 01:45:07.968	2026-01-13 01:45:10.121	5	1	0	0	0	14	0.252	2.194153	0	0	0	0	0	2026-01-13 01:45:07.968
140	2026-01-13 06:23:07.654	2026-01-13 06:23:09.892	5	1	0	0	0	15	0.27	2.944536	0	0	0	0	0	2026-01-13 06:23:07.654
143	2026-01-10 10:06:16.158	2026-01-10 10:06:18.822	7	1	0	0	0	0	0.0	0.0	0	0	0	0	0	
144	2026-01-10 10:50:12.446	2026-01-10 10:50:13.141	5	-1	1	0	1	0	0.0	0.0	0	0	0	0	0	
145	2026-01-10 11:15:45.873	2026-01-10 11:15:46.073	5	-1	1	0	1	0	0.0	0.0	0	0	0	0	0	
146	2026-01-10 11:57:50.055	2026-01-10 11:57:51.753	3	-1	1	0	1	0	0.0	0.0	0	0	0	0	0	
148	2026-01-10 12:16:17.611	2026-01-10 12:16:18.292	7	1	0	0	0	19	0.342	3.205724	0	0	0	0	0	2026-01-10 12:16:17.611
150	2026-01-10 14:23:39.706	2026-01-10 14:23:39.994	7	1	0	0	0	0	0.0	0.0	0	0	0	0	0	
153	2026-01-10 16:31:51.138	2026-01-10 16:31:52.238	1	-1	1	0	1	0	0.0	0.0	0	0	0	0	0	
154	2026-01-10 18:40:46.463	2026-01-10 18:40:47.147	7	1	0	0	0	17	0.306	2.726659	0	0	0	0	0	2026-01-10 18:40:46.463
155	2026-01-11 02:35:59.958	2026-01-11 02:36:01.800	7	1	0	0	0	19	0.342	3.286523	0	0	0	0	0	2026-01-11 02:35:59.958
157	2026-01-11 07:44:14.468	2026-01-11 07:44:14.781	7	1	0	0	0	18	0.324	3.570156	0	0	0	0	0	2026-01-11 07:44:14.468
159	2026-01-11 09:35:46.018	2026-01-11 09:35:49.004	3	-1	1	0	1	0	0.0	0.0	0	0	0	0	0	
160	2026-01-11 10:03:52.238	2026-01-11 10:03:56.070	1	-1	1	0	1	0	0.0	0.0	0	0	0	0	0	
161	2026-01-11 10:08:38.162	2026-01-11 10:08:38.397	7	1	0	0	0	15	0.27	2.927784	0	0	0	0	0	2026-01-11 10:08:38.162
163	2026-01-11 15:09:49.329	2026-01-11 15:09:50.269	7	1	0	0	0	14	0.252	2.434768	0	0	0	0	0	2026-01-11 15:09:49.329
164	2026-01-11 16:43:14.213	2026-01-11 16:43:15.245	7	1	0	0	0	16	0.288	2.932076	0	0	0	0	0	2026-01-11 16:43:14.213
165	2026-01-11 17:44:25.282	2026-01-11 17:44:26.941	7	1	0	0	0	13	0.234	2.558907	0	0	0	0	0	2026-01-11 17:44:25.282
166	2026-01-11 21:55:29.397	2026-01-11 21:55:31.773	7	1	0	0	0	11	0.198	2.355297	0	0	0	0	0	2026-01-11 21:55:29.397
167	2026-01-11 22:55:37.464	2026-01-11 22:55:37.873	7	1	0	0	0	20	0.36	3.392345	0	0	0	0	0	2026-01-11 22:55:37.464
168	2026-01-12 01:31:55.890	2026-01-12 01:31:59.264	5	-1	1	0	1	0	0.0	0.0	0	0	0	0	0	
169	2026-01-12 02:13:45.694	2026-01-12 02:13:48.117	7	1	0	0	0	12	0.216	2.304122	0	0	0	0	0	2026-01-12 02:13:45.694
171	2026-01-12 06:33:54.821	2026-01-12 06:33:56.774	7	1	0	0	0	22	0.396	3.983794	0	0	0	0	0	2026-01-12 06:33:54.821
172	2026-01-12 06:56:08.071	2026-01-12 06:56:09.950	7	1	0	0	0	19	0.342	3.449148	0	0	0	0	0	2026-01-12 06:56:08.071
173	2026-01-12 07:51:25.083	2026-01-12 07:51:26.692	7	1	0	0	0	14	0.252	2.576619	0	0	0	0	0	2026-01-12 07:51:25.083
174	2026-01-12 09:42:31.661	2026-01-12 09:42:32.768	7	1	0	0	0	13	0.234	1.985382	0	0	0	0	0	2026-01-12 09:42:31.661
175	2026-01-12 11:32:11.967	2026-01-12 11:32:13.084	7	1	0	0	0	14	0.252	2.882052	0	0	0	0	0	2026-01-12 11:32:11.967
176	2026-01-12 12:06:15.812	2026-01-12 12:06:19.061	7	1	0	0	0	13	0.234	2.023024	0	0	0	0	0	2026-01-12 12:06:15.812
177	2026-01-12 12:38:49.295	2026-01-12 12:38:49.927	7	1	0	0	0	8	0.144	1.668408	0	0	0	0	0	2026-01-12 12:38:49.295
178	2026-01-12 12:39:29.091	2026-01-12 12:39:31.201	7	1	0	0	0	0	0.0	0.0	0	0	0	0	0	
179	2026-01-12 14:30:05.724	2026-01-12 14:30:08.900	7	1	0	0	0	18	0.324	2.97669	0	0	0	0	0	2026-01-12 14:30:05.724
180	2026-01-12 14:57:41.498	2026-01-12 14:57:42.926	3	-1	1	0	1	0	0.0	0.0	0	0	0	0	0	
181	2026-01-12 16:34:32.159	2026-01-12 16:34:34.076	7	1	0	0	0	24	0.432	3.37337	0	0	0	0	0	2026-01-12 16:34:32.159
183	2026-01-12 19:32:57.271	2026-01-12 19:33:00.503	7	1	0	0	0	13	0.234	2.70797	0	0	0	0	0	2026-01-12 19:32:57.271
185	2026-01-13 06:31:54.864	2026-01-13 06:31:57.339	7	1	0	0	0	0	0.0	0.0	0	0	0	0	0	
186	2026-01-13 06:36:15.577	2026-01-13 06:36:20.420	7	1	0	0	0	18	0.324	3.656091	0	0	0	0	0	2026-01-13 06:36:15.577
187	2026-01-13 07:15:54.697	2026-01-13 07:15:56.807	7	1	0	0	0	12	0.216	2.251968	0	0	0	0	0	2026-01-13 07:15:54.697
188	2026-01-13 07:31:48.567	2026-01-13 07:31:50.082	7	1	0	0	0	0	0.0	0.0	0	0	0	0	0	
189	2026-01-13 07:48:16.227	2026-01-13 07:48:16.912	7	1	0	0	0	21	0.378	4.522516	0	0	0	0	0	2026-01-13 07:48:16.227
190	2026-01-13 07:48:29.227	2026-01-13 07:48:31.255	7	1	0	0	0	14	0.252	2.749157	0	0	0	0	0	2026-01-13 07:48:29.227
191	2026-01-10 12:44:51.359	2026-01-10 12:44:52.749	1	1	0	0	0	15	0.27	3.177519	0	0	0	0	0	2026-01-10 12:44:51.359
192	2026-01-10 12:56:29.165	2026-01-10 12:56:29.365	3	-1	1	0	1	0	0.0	0.0	0	0	0	0	0	
194	2026-01-10 13:42:45.444	2026-01-10 13:42:47.743	1	1	0	0	0	19	0.342	3.103211	0	0	0	0	0	2026-01-10 13:42:45.444
196	2026-01-10 13:46:17.342	2026-01-10 13:46:18.042	3	-1	1	0	1	0	0.0	0.0	0	0	0	0	0	
197	2026-01-10 14:13:25.536	2026-01-10 14:13:27.549	5	-1	1	0	1	0	0.0	0.0	0	0	0	0	0	
198	2026-01-10 14:22:43.750	2026-01-10 14:22:45.431	1	1	0	0	0	19	0.342	3.935704	0	0	0	0	0	2026-01-10 14:22:43.750
200	2026-01-10 16:21:02.449	2026-01-10 16:21:04.367	1	1	0	0	0	20	0.36	3.651985	0	0	0	0	0	2026-01-10 16:21:02.449
201	2026-01-10 22:04:51.199	2026-01-10 22:04:53.289	1	1	0	0	0	15	0.27	2.534137	0	0	0	0	0	2026-01-10 22:04:51.199
203	2026-01-11 06:14:21.459	2026-01-11 06:14:23.805	1	1	0	0	0	13	0.234	2.101651	0	0	0	0	0	2026-01-11 06:14:21.459
204	2026-01-11 06:24:21.110	2026-01-11 06:24:22.831	1	1	0	0	0	12	0.216	2.598707	0	0	0	0	0	2026-01-11 06:24:21.110
205	2026-01-11 06:33:55.683	2026-01-11 06:33:58.298	1	1	0	0	0	23	0.414	4.368683	0	0	0	0	0	2026-01-11 06:33:55.683
206	2026-01-11 06:41:41.712	2026-01-11 06:41:43.556	1	1	0	0	0	10	0.18	1.805571	0	0	0	0	0	2026-01-11 06:41:41.712
207	2026-01-11 06:58:34.197	2026-01-11 06:58:35.392	1	1	0	0	0	17	0.306	2.535545	0	0	0	0	0	2026-01-11 06:58:34.197
208	2026-01-11 07:19:16.006	2026-01-11 07:19:16.852	1	1	0	0	0	14	0.252	2.066798	0	0	0	0	0	2026-01-11 07:19:16.006
209	2026-01-11 07:35:04.338	2026-01-11 07:35:07.207	1	1	0	0	0	15	0.27	2.759463	0	0	0	0	0	2026-01-11 07:35:04.338
211	2026-01-11 07:56:01.402	2026-01-11 07:56:01.894	1	1	0	0	0	11	0.198	2.154386	0	0	0	0	0	2026-01-11 07:56:01.402
212	2026-01-11 08:21:56.600	2026-01-11 08:21:58.046	1	1	0	0	0	19	0.342	3.495721	0	0	0	0	0	2026-01-11 08:21:56.600
213	2026-01-11 09:15:27.363	2026-01-11 09:15:28.441	1	1	0	0	0	17	0.306	2.464624	0	0	0	0	0	2026-01-11 09:15:27.363
214	2026-01-11 11:59:26.124	2026-01-11 11:59:27.753	1	1	0	0	0	16	0.288	2.361353	0	0	0	0	0	2026-01-11 11:59:26.124
215	2026-01-11 12:03:25.378	2026-01-11 12:03:26.908	1	1	0	0	0	23	0.414	3.749849	0	0	0	0	0	2026-01-11 12:03:25.378
216	2026-01-11 12:06:51.111	2026-01-11 12:06:51.967	1	1	0	0	0	13	0.234	2.201469	0	0	0	0	0	2026-01-11 12:06:51.111
217	2026-01-11 13:16:49.979	2026-01-11 13:16:50.904	1	1	0	0	0	14	0.252	1.976353	0	0	0	0	0	2026-01-11 13:16:49.979
218	2026-01-11 13:25:09.120	2026-01-11 13:25:10.791	1	1	0	0	0	14	0.252	2.705576	0	0	0	0	0	2026-01-11 13:25:09.120
219	2026-01-11 13:30:50.646	2026-01-11 13:30:51.084	1	1	0	0	0	17	0.306	3.378488	0	0	0	0	0	2026-01-11 13:30:50.646
220	2026-01-11 13:51:48.132	2026-01-11 13:51:49.271	1	1	0	0	0	10	0.18	1.823484	0	0	0	0	0	2026-01-11 13:51:48.132
221	2026-01-11 14:41:28.874	2026-01-11 14:41:29.761	1	1	0	0	0	16	0.288	3.298796	0	0	0	0	0	2026-01-11 14:41:28.874
222	2026-01-11 14:51:30.486	2026-01-11 14:51:32.062	1	1	0	0	0	14	0.252	2.531251	0	0	0	0	0	2026-01-11 14:51:30.486
223	2026-01-11 15:18:29.542	2026-01-11 15:18:30.084	1	1	0	0	0	0	0.0	0.0	0	0	0	0	0	
224	2026-01-11 17:57:09.070	2026-01-11 17:57:09.864	1	1	0	0	0	16	0.288	2.83332	0	0	0	0	0	2026-01-11 17:57:09.070
225	2026-01-11 21:07:35.484	2026-01-11 21:07:38.832	1	1	0	0	0	15	0.27	3.031894	0	0	0	0	0	2026-01-11 21:07:35.484
227	2026-01-12 06:02:10.884	2026-01-12 06:02:13.359	1	1	0	0	0	26	0.468	4.560059	0	0	0	0	0	2026-01-12 06:02:10.884
228	2026-01-12 06:36:18.202	2026-01-12 06:36:18.430	1	1	0	0	0	10	0.18	1.553287	0	0	0	0	0	2026-01-12 06:36:18.202
229	2026-01-12 08:31:21.365	2026-01-12 08:31:23.073	1	1	0	0	0	17	0.306	2.399233	0	0	0	0	0	2026-01-12 08:31:21.365
230	2026-01-12 08:54:21.206	2026-01-12 08:54:23.942	1	1	0	0	0	11	0.198	2.346741	0	0	0	0	0	2026-01-12 08:54:21.206
231	2026-01-12 11:19:41.398	2026-01-12 11:19:42.455	1	1	0	0	0	10	0.18	1.862841	0	0	0	0	0	2026-01-12 11:19:41.398
232	2026-01-12 13:00:54.419	2026-01-12 13:00:57.008	1	1	0	0	0	15	0.27	2.449909	0	0	0	0	0	2026-01-12 13:00:54.419
233	2026-01-12 13:27:20.309	2026-01-12 13:27:23.350	1	1	0	0	0	21	0.378	4.212766	0	0	0	0	0	2026-01-12 13:27:20.309
234	2026-01-12 13:30:23.856	2026-01-12 13:30:24.866	1	1	0	0	0	14	0.252	2.585288	0	0	0	0	0	2026-01-12 13:30:23.856
235	2026-01-12 13:55:20.708	2026-01-12 13:55:21.000	1	1	0	0	0	15	0.27	2.218327	0	0	0	0	0	2026-01-12 13:55:20.708
237	2026-01-12 16:14:53.731	2026-01-12 16:14:56.887	1	1	0	0	0	10	0.18	1.792784	0	0	0	0	0	2026-01-12 16:14:53.731
238	2026-01-12 17:20:19.157	2026-01-12 17:20:20.425	1	1	0	0	0	17	0.306	3.584983	0	0	0	0	0	2026-01-12 17:20:19.157
239	2026-01-12 21:41:03.891	2026-01-12 21:41:06.702	1	1	0	0	0	19	0.342	3.654255	0	0	0	0	0	2026-01-12 21:41:03.891
240	2026-01-13 00:08:22.375	2026-01-13 00:08:23.039	1	1	0	0	0	0	0.0	0.0	0	0	0	0	0	
241	2026-01-13 04:28:15.888	2026-01-13 04:28:17.002	7	-1	1	0	1	0	0.0	0.0	0	0	0	0	0	
242	2026-01-13 05:37:45.434	2026-01-13 05:37:49.582	1	1	0	0	0	12	0.216	2.124562	0	0	0	0	0	2026-01-13 05:37:45.434
243	2026-01-13 06:31:09.285	2026-01-13 06:31:10.181	1	1	0	0	0	12	0.216	1.884047	0	0	0	0	0	2026-01-13 06:31:09.285
244	2026-01-13 06:34:12.995	2026-01-13 06:34:13.455	1	1	0	0	0	21	0.378	4.479461	0	0	0	0	0	2026-01-13 06:34:12.995
245	2026-01-10 08:23:37.648	2026-01-10 08:23:39.676	7	-1	1	0	1	0	0.0	0.0	0	0	0	0	0	
246	2026-01-10 09:19:34.515	2026-01-10 09:19:36.149	3	1	0	0	0	18	0.324	3.917329	0	0	0	0	0	2026-01-10 09:19:34.515
249	2026-01-10 10:40:12.666	2026-01-10 10:40:14.995	7	-1	1	0	1	0	0.0	0.0	0	0	0	0	0	
251	2026-01-10 11:54:38.091	2026-01-10 11:54:40.868	3	1	0	0	0	13	0.234	2.012867	0	0	0	0	0	2026-01-10 11:54:38.091
252	2026-01-10 12:21:27.852	2026-01-10 12:21:28.629	3	1	0	0	0	15	0.27	3.140681	0	0	0	0	0	2026-01-10 12:21:27.852
253	2026-01-10 13:39:04.373	2026-01-10 13:39:05.578	7	-1	1	0	1	0	0.0	0.0	0	0	0	0	0	
254	2026-01-10 14:00:47.070	2026-01-10 14:00:50.600	3	1	0	0	0	11	0.198	1.683098	0	0	0	0	0	2026-01-10 14:00:47.070
255	2026-01-10 15:12:21.971	2026-01-10 15:12:23.781	5	-1	1	0	1	1	0.018	0.152119	0	0	0	0	0	2026-01-10 15:12:21.971
256	2026-01-10 15:19:55.355	2026-01-10 15:19:59.718	1	-1	1	0	1	3	0.054	0.640579	0	0	0	0	0	2026-01-10 15:19:55.355
257	2026-01-10 17:28:16.838	2026-01-10 17:28:18.622	7	-1	1	0	1	0	0.0	0.0	0	0	0	0	0	
260	2026-01-10 20:46:29.361	2026-01-10 20:46:30.202	1	-1	1	0	1	0	0.0	0.0	0	0	0	0	0	
262	2026-01-10 22:50:41.716	2026-01-10 22:50:43.698	3	1	0	0	0	11	0.198	2.320003	0	0	0	0	0	2026-01-10 22:50:41.716
265	2026-01-11 06:54:00.697	2026-01-11 06:54:02.146	1	-1	1	0	1	0	0.0	0.0	0	0	0	0	0	
266	2026-01-11 06:59:21.705	2026-01-11 06:59:23.378	3	1	0	0	0	11	0.198	2.369232	0	0	0	0	0	2026-01-11 06:59:21.705
267	2026-01-11 07:07:36.186	2026-01-11 07:07:38.902	3	1	0	0	0	14	0.252	2.492125	0	0	0	0	0	2026-01-11 07:07:36.186
268	2026-01-11 07:08:20.202	2026-01-11 07:08:20.402	3	1	0	0	0	12	0.216	2.23803	0	0	0	0	0	2026-01-11 07:08:20.202
269	2026-01-11 09:20:46.402	2026-01-11 09:20:47.341	3	1	0	0	0	12	0.216	2.56308	0	0	0	0	0	2026-01-11 09:20:46.402
270	2026-01-11 09:47:38.459	2026-01-11 09:47:39.414	3	1	0	0	0	15	0.27	2.842915	0	0	0	0	0	2026-01-11 09:47:38.459
271	2026-01-11 12:08:13.122	2026-01-11 12:08:15.580	3	1	0	0	0	21	0.378	4.213686	0	0	0	0	0	2026-01-11 12:08:13.122
272	2026-01-11 12:22:11.472	2026-01-11 12:22:12.525	5	-1	1	0	1	0	0.0	0.0	0	0	0	0	0	
273	2026-01-11 14:31:05.566	2026-01-11 14:31:06.513	3	1	0	0	0	12	0.216	1.77067	0	0	0	0	0	2026-01-11 14:31:05.566
274	2026-01-11 16:26:49.430	2026-01-11 16:26:51.433	3	1	0	0	0	14	0.252	2.382791	0	0	0	0	0	2026-01-11 16:26:49.430
275	2026-01-11 21:50:15.386	2026-01-11 21:50:17.195	3	1	0	0	0	11	0.198	2.409328	0	0	0	0	0	2026-01-11 21:50:15.386
276	2026-01-12 06:43:09.308	2026-01-12 06:43:11.767	3	1	0	0	0	13	0.234	2.121748	0	0	0	0	0	2026-01-12 06:43:09.308
277	2026-01-12 07:36:46.576	2026-01-12 07:36:47.828	3	1	0	0	0	7	0.126	1.323103	0	0	0	0	0	2026-01-12 07:36:46.576
278	2026-01-12 09:03:14.848	2026-01-12 09:03:16.780	3	1	0	0	0	17	0.306	2.921152	0	0	0	0	0	2026-01-12 09:03:14.848
279	2026-01-12 10:57:30.873	2026-01-12 10:57:32.799	3	1	0	0	0	16	0.288	3.313582	0	0	0	0	0	2026-01-12 10:57:30.873
280	2026-01-12 12:01:40.329	2026-01-12 12:01:42.351	3	1	0	0	0	14	0.252	1.980296	0	0	0	0	0	2026-01-12 12:01:40.329
281	2026-01-12 13:44:53.258	2026-01-12 13:44:54.268	3	1	0	0	0	21	0.378	4.412139	0	0	0	0	0	2026-01-12 13:44:53.258
282	2026-01-12 15:22:48.531	2026-01-12 15:22:48.873	3	1	0	0	0	16	0.288	2.637429	0	0	0	0	0	2026-01-12 15:22:48.531
283	2026-01-12 15:44:45.716	2026-01-12 15:44:47.091	3	1	0	0	0	18	0.324	3.660955	0	0	0	0	0	2026-01-12 15:44:45.716
284	2026-01-12 16:09:14.410	2026-01-12 16:09:16.559	3	1	0	0	0	10	0.18	1.797837	0	0	0	0	0	2026-01-12 16:09:14.410
285	2026-01-12 17:48:38.083	2026-01-12 17:48:40.305	3	1	0	0	0	12	0.216	2.085048	0	0	0	0	0	2026-01-12 17:48:38.083
287	2026-01-13 03:51:55.000	2026-01-13 03:51:57.261	5	-1	1	0	1	0	0.0	0.0	0	0	0	0	0	
288	2026-01-13 06:05:31.917	2026-01-13 06:05:34.458	3	1	0	0	0	15	0.27	2.908493	0	0	0	0	0	2026-01-13 06:05:31.917
290	2026-01-10 08:35:15.545	2026-01-10 08:35:15.941	5	1	0	0	0	13	0.234	2.097346	0	0	0	0	0	2026-01-10 08:35:15.545
291	2026-01-10 08:38:16.012	2026-01-10 08:38:16.871	5	1	0	0	0	13	0.234	2.108558	0	0	0	0	0	2026-01-10 08:38:16.012
292	2026-01-10 09:22:07.398	2026-01-10 09:22:08.729	5	1	0	0	0	0	0.0	0.0	0	0	0	0	0	
293	2026-01-10 09:47:48.069	2026-01-10 09:47:49.852	5	1	0	0	0	20	0.36	4.163031	0	0	0	0	0	2026-01-10 09:47:48.069
294	2026-01-10 10:38:27.774	2026-01-10 10:38:28.125	7	-1	1	0	1	0	0.0	0.0	0	0	0	0	0	
296	2026-01-10 12:34:17.372	2026-01-10 12:34:20.369	5	1	0	0	0	16	0.288	2.944719	0	0	0	0	0	2026-01-10 12:34:17.372
297	2026-01-10 12:52:09.271	2026-01-10 12:52:09.471	5	1	0	0	0	23	0.414	4.346082	0	0	0	0	0	2026-01-10 12:52:09.271
299	2026-01-10 14:19:38.400	2026-01-10 14:19:38.712	5	1	0	0	0	10	0.18	1.928234	0	0	0	0	0	2026-01-10 14:19:38.400
300	2026-01-10 17:02:39.452	2026-01-10 17:02:40.894	5	1	0	0	0	19	0.342	2.751108	0	0	0	0	0	2026-01-10 17:02:39.452
301	2026-01-10 17:45:04.680	2026-01-10 17:45:05.380	5	1	0	0	0	19	0.342	3.959193	0	0	0	0	0	2026-01-10 17:45:04.680
302	2026-01-10 21:39:37.075	2026-01-10 21:39:37.891	5	1	0	0	0	16	0.288	2.548209	0	0	0	0	0	2026-01-10 21:39:37.075
303	2026-01-11 02:24:17.223	2026-01-11 02:24:18.375	5	1	0	0	0	10	0.18	1.403246	0	0	0	0	0	2026-01-11 02:24:17.223
304	2026-01-11 06:11:55.098	2026-01-11 06:11:56.947	3	-1	1	0	1	0	0.0	0.0	0	0	0	0	0	
305	2026-01-11 07:23:27.638	2026-01-11 07:23:27.986	1	-1	1	0	1	0	0.0	0.0	0	0	0	0	0	
307	2026-01-11 08:06:01.313	2026-01-11 08:06:02.524	5	1	0	0	0	18	0.324	2.976197	0	0	0	0	0	2026-01-11 08:06:01.313
308	2026-01-11 10:06:09.079	2026-01-11 10:06:10.432	3	-1	1	0	1	0	0.0	0.0	0	0	0	0	0	
309	2026-01-11 11:01:50.621	2026-01-11 11:01:51.329	5	1	0	0	0	16	0.288	2.644733	0	0	0	0	0	2026-01-11 11:01:50.621
310	2026-01-11 13:01:02.750	2026-01-11 13:01:06.198	5	1	0	0	0	10	0.18	1.493293	0	0	0	0	0	2026-01-11 13:01:02.750
311	2026-01-11 13:26:37.909	2026-01-11 13:26:42.980	5	1	0	0	0	13	0.234	2.383695	0	0	0	0	0	2026-01-11 13:26:37.909
312	2026-01-11 13:45:22.083	2026-01-11 13:45:24.543	5	1	0	0	0	19	0.342	3.235111	0	0	0	0	0	2026-01-11 13:45:22.083
313	2026-01-11 14:40:06.132	2026-01-11 14:40:07.474	5	1	0	0	0	13	0.234	2.579768	0	0	0	0	0	2026-01-11 14:40:06.132
314	2026-01-11 15:23:50.288	2026-01-11 15:23:50.488	5	1	0	0	0	13	0.234	1.833604	0	0	0	0	0	2026-01-11 15:23:50.288
315	2026-01-11 15:54:16.022	2026-01-11 15:54:16.317	5	1	0	0	0	0	0.0	0.0	0	0	0	0	0	
316	2026-01-11 15:59:38.471	2026-01-11 15:59:39.109	5	1	0	0	0	13	0.234	2.563418	0	0	0	0	0	2026-01-11 15:59:38.471
317	2026-01-11 16:17:24.831	2026-01-11 16:17:25.618	5	1	0	0	0	16	0.288	2.323836	0	0	0	0	0	2026-01-11 16:17:24.831
318	2026-01-11 17:19:13.231	2026-01-11 17:19:17.068	5	1	0	0	0	20	0.36	3.13041	0	0	0	0	0	2026-01-11 17:19:13.231
319	2026-01-11 19:42:30.038	2026-01-11 19:42:30.770	5	1	0	0	0	18	0.324	3.821423	0	0	0	0	0	2026-01-11 19:42:30.038
320	2026-01-11 20:10:37.926	2026-01-11 20:10:39.110	5	1	0	0	0	11	0.198	1.945539	0	0	0	0	0	2026-01-11 20:10:37.926
321	2026-01-12 00:55:47.698	2026-01-12 00:55:49.674	5	1	0	0	0	19	0.342	2.869458	0	0	0	0	0	2026-01-12 00:55:47.698
322	2026-01-12 02:56:50.869	2026-01-12 02:56:52.832	5	1	0	0	0	11	0.198	1.848891	0	0	0	0	0	2026-01-12 02:56:50.869
323	2026-01-12 05:20:21.746	2026-01-12 05:20:23.736	5	1	0	0	0	25	0.45	4.489502	0	0	0	0	0	2026-01-12 05:20:21.746
324	2026-01-12 08:20:11.248	2026-01-12 08:20:11.448	5	1	0	0	0	10	0.18	1.902335	0	0	0	0	0	2026-01-12 08:20:11.248
325	2026-01-12 08:31:57.637	2026-01-12 08:31:59.659	3	-1	1	0	1	0	0.0	0.0	0	0	0	0	0	
326	2026-01-12 08:33:01.142	2026-01-12 08:33:01.363	5	1	0	0	0	16	0.288	2.673192	0	0	0	0	0	2026-01-12 08:33:01.142
327	2026-01-12 11:01:33.035	2026-01-12 11:01:33.977	5	1	0	0	0	17	0.306	2.989643	0	0	0	0	0	2026-01-12 11:01:33.035
328	2026-01-12 11:25:07.225	2026-01-12 11:25:08.386	5	1	0	0	0	18	0.324	3.835912	0	0	0	0	0	2026-01-12 11:25:07.225
329	2026-01-12 12:14:51.839	2026-01-12 12:14:52.652	5	1	0	0	0	0	0.0	0.0	0	0	0	0	0	
331	2026-01-12 13:25:03.829	2026-01-12 13:25:05.956	1	-1	1	0	1	0	0.0	0.0	0	0	0	0	0	
332	2026-01-12 14:39:43.805	2026-01-12 14:39:44.527	5	1	0	0	0	19	0.342	3.133251	0	0	0	0	0	2026-01-12 14:39:43.805
333	2026-01-12 14:51:06.877	2026-01-12 14:51:07.501	1	-1	1	0	1	0	0.0	0.0	0	0	0	0	0	
335	2026-01-12 16:31:20.405	2026-01-12 16:31:22.378	5	1	0	0	0	17	0.306	2.790098	0	0	0	0	0	2026-01-12 16:31:20.405
336	2026-01-12 22:22:26.326	2026-01-12 22:22:27.356	5	1	0	0	0	16	0.288	2.87798	0	0	0	0	0	2026-01-12 22:22:26.326
337	2026-01-12 22:32:26.489	2026-01-12 22:32:29.548	5	1	0	0	0	12	0.216	1.798724	0	0	0	0	0	2026-01-12 22:32:26.489
339	2026-01-13 02:13:02.002	2026-01-13 02:13:02.780	5	1	0	0	0	13	0.234	2.109869	0	0	0	0	0	2026-01-13 02:13:02.002
345	2026-01-10 12:01:32.740	2026-01-10 12:01:35.318	7	1	0	0	0	0	0.0	0.0	0	0	0	0	0	
348	2026-01-10 15:51:38.580	2026-01-10 15:51:39.532	7	1	0	0	0	20	0.36	3.24116	0	0	0	0	0	2026-01-10 15:51:38.580
349	2026-01-10 16:46:21.076	2026-01-10 16:46:22.274	7	1	0	0	0	9	0.162	1.404344	0	0	0	0	0	2026-01-10 16:46:21.076
350	2026-01-10 17:57:29.350	2026-01-10 17:57:30.251	7	1	0	0	0	19	0.342	2.87063	0	0	0	0	0	2026-01-10 17:57:29.350
351	2026-01-10 22:12:18.323	2026-01-10 22:12:18.956	7	1	0	0	0	15	0.27	2.188721	0	0	0	0	0	2026-01-10 22:12:18.323
352	2026-01-11 03:04:52.318	2026-01-11 03:04:54.010	7	1	0	0	0	20	0.36	3.421775	0	0	0	0	0	2026-01-11 03:04:52.318
353	2026-01-11 07:00:02.074	2026-01-11 07:00:03.268	7	1	0	0	0	17	0.306	2.938428	0	0	0	0	0	2026-01-11 07:00:02.074
355	2026-01-11 08:48:55.537	2026-01-11 08:48:58.282	7	1	0	0	0	15	0.27	3.240474	0	0	0	0	0	2026-01-11 08:48:55.537
356	2026-01-11 10:27:52.422	2026-01-11 10:27:52.672	7	1	0	0	0	14	0.252	2.787467	0	0	0	0	0	2026-01-11 10:27:52.422
357	2026-01-11 11:43:20.941	2026-01-11 11:43:22.363	7	1	0	0	0	9	0.162	1.744907	0	0	0	0	0	2026-01-11 11:43:20.941
358	2026-01-11 14:00:06.119	2026-01-11 14:00:07.710	1	-1	1	0	1	3	0.054	0.58344	0	0	0	0	0	2026-01-11 14:00:06.119
359	2026-01-11 17:17:29.479	2026-01-11 17:17:30.409	7	1	0	0	0	18	0.324	3.605241	0	0	0	0	0	2026-01-11 17:17:29.479
360	2026-01-11 17:36:02.614	2026-01-11 17:36:04.024	7	1	0	0	0	16	0.288	2.819388	0	0	0	0	0	2026-01-11 17:36:02.614
363	2026-01-12 06:16:51.231	2026-01-12 06:16:51.448	7	1	0	0	0	9	0.162	1.260657	0	0	0	0	0	2026-01-12 06:16:51.231
364	2026-01-12 06:48:57.647	2026-01-12 06:48:58.977	7	1	0	0	0	10	0.18	1.788884	0	0	0	0	0	2026-01-12 06:48:57.647
365	2026-01-12 07:40:20.088	2026-01-12 07:40:20.723	7	1	0	0	0	20	0.36	3.304197	0	0	0	0	0	2026-01-12 07:40:20.088
366	2026-01-12 08:09:19.028	2026-01-12 08:09:19.333	7	1	0	0	0	15	0.27	2.36157	0	0	0	0	0	2026-01-12 08:09:19.028
367	2026-01-12 08:23:02.480	2026-01-12 08:23:06.783	7	1	0	0	0	13	0.234	2.617212	0	0	0	0	0	2026-01-12 08:23:02.480
370	2026-01-12 13:25:21.530	2026-01-12 13:25:22.046	7	1	0	0	0	23	0.414	4.565025	0	0	0	0	0	2026-01-12 13:25:21.530
371	2026-01-12 13:48:23.965	2026-01-12 13:48:24.665	7	1	0	0	0	14	0.252	1.972626	0	0	0	0	0	2026-01-12 13:48:23.965
372	2026-01-12 13:56:36.064	2026-01-12 13:56:37.710	7	1	0	0	0	12	0.216	2.477148	0	0	0	0	0	2026-01-12 13:56:36.064
373	2026-01-12 17:23:28.322	2026-01-12 17:23:31.207	7	1	0	0	0	16	0.288	2.525549	0	0	0	0	0	2026-01-12 17:23:28.322
374	2026-01-12 17:35:23.983	2026-01-12 17:35:25.169	7	1	0	0	0	7	0.126	1.438807	0	0	0	0	0	2026-01-12 17:35:23.983
376	2026-01-13 03:52:49.001	2026-01-13 03:52:49.201	7	1	0	0	0	13	0.234	2.850589	0	0	0	0	0	2026-01-13 03:52:49.001
377	2026-01-13 06:23:51.469	2026-01-13 06:23:52.410	7	1	0	0	0	8	0.144	1.557281	0	0	0	0	0	2026-01-13 06:23:51.469
378	2026-01-13 07:38:28.008	2026-01-13 07:38:28.371	7	1	0	0	0	14	0.252	2.981402	0	0	0	0	0	2026-01-13 07:38:28.008
379	2026-01-10 12:18:08.385	2026-01-10 12:18:08.717	3	-1	1	0	1	1	0.018	0.153459	0	0	0	0	0	2026-01-10 12:18:08.385
380	2026-01-10 13:25:07.308	2026-01-10 13:25:08.309	1	1	0	0	0	9	0.162	1.425114	0	0	0	0	0	2026-01-10 13:25:07.308
381	2026-01-10 14:38:51.915	2026-01-10 14:38:55.349	1	1	0	0	0	14	0.252	2.858632	0	0	0	0	0	2026-01-10 14:38:51.915
382	2026-01-10 15:45:54.493	2026-01-10 15:45:58.189	5	-1	1	0	1	0	0.0	0.0	0	0	0	0	0	
383	2026-01-10 17:37:10.567	2026-01-10 17:37:13.311	1	1	0	0	0	14	0.252	1.995077	0	0	0	0	0	2026-01-10 17:37:10.567
384	2026-01-10 20:35:17.081	2026-01-10 20:35:20.418	1	1	0	0	0	11	0.198	1.61724	0	0	0	0	0	2026-01-10 20:35:17.081
385	2026-01-10 21:10:47.884	2026-01-10 21:10:48.584	1	1	0	0	0	19	0.342	3.860052	0	0	0	0	0	2026-01-10 21:10:47.884
386	2026-01-11 01:53:24.696	2026-01-11 01:53:27.373	1	1	0	0	0	19	0.342	2.964698	0	0	0	0	0	2026-01-11 01:53:24.696
388	2026-01-11 06:51:58.416	2026-01-11 06:52:00.098	1	1	0	0	0	0	0.0	0.0	0	0	0	0	0	
389	2026-01-11 08:10:55.120	2026-01-11 08:10:55.553	1	1	0	0	0	12	0.216	2.359845	0	0	0	0	0	2026-01-11 08:10:55.120
390	2026-01-11 08:29:24.140	2026-01-11 08:29:26.446	3	-1	1	0	1	0	0.0	0.0	0	0	0	0	0	
391	2026-01-11 09:15:47.007	2026-01-11 09:15:51.381	1	1	0	0	0	24	0.432	5.267578	0	0	0	0	0	2026-01-11 09:15:47.007
392	2026-01-11 10:10:12.217	2026-01-11 10:10:14.032	1	1	0	0	0	0	0.0	0.0	0	0	0	0	0	
393	2026-01-11 11:37:28.742	2026-01-11 11:37:29.047	1	1	0	0	0	13	0.234	2.549404	0	0	0	0	0	2026-01-11 11:37:28.742
394	2026-01-11 11:47:03.166	2026-01-11 11:47:03.488	1	1	0	0	0	14	0.252	2.897335	0	0	0	0	0	2026-01-11 11:47:03.166
395	2026-01-11 12:35:51.524	2026-01-11 12:35:52.738	1	1	0	0	0	16	0.288	3.28161	0	0	0	0	0	2026-01-11 12:35:51.524
396	2026-01-11 16:44:39.313	2026-01-11 16:44:43.154	1	1	0	0	0	17	0.306	3.66708	0	0	0	0	0	2026-01-11 16:44:39.313
397	2026-01-11 16:47:33.260	2026-01-11 16:47:35.753	1	1	0	0	0	15	0.27	2.314047	0	0	0	0	0	2026-01-11 16:47:33.260
398	2026-01-11 17:08:50.479	2026-01-11 17:08:51.941	5	-1	1	0	1	4	0.072	0.862816	0	0	0	0	0	2026-01-11 17:08:50.479
399	2026-01-11 18:43:40.202	2026-01-11 18:43:41.670	1	1	0	0	0	14	0.252	3.069966	0	0	0	0	0	2026-01-11 18:43:40.202
400	2026-01-12 00:30:09.686	2026-01-12 00:30:12.575	1	1	0	0	0	19	0.342	3.230549	0	0	0	0	0	2026-01-12 00:30:09.686
401	2026-01-12 02:16:45.576	2026-01-12 02:16:53.061	1	1	0	0	0	10	0.18	1.434348	0	0	0	0	0	2026-01-12 02:16:45.576
402	2026-01-12 06:10:58.061	2026-01-12 06:10:59.374	1	1	0	0	0	0	0.0	0.0	0	0	0	0	0	
403	2026-01-12 06:30:46.116	2026-01-12 06:30:47.107	1	1	0	0	0	11	0.198	1.691205	0	0	0	0	0	2026-01-12 06:30:46.116
404	2026-01-12 06:51:47.991	2026-01-12 06:51:50.440	3	-1	1	0	1	0	0.0	0.0	0	0	0	0	0	
405	2026-01-12 07:18:55.682	2026-01-12 07:18:56.706	1	1	0	0	0	0	0.0	0.0	0	0	0	0	0	
407	2026-01-12 10:52:33.959	2026-01-12 10:52:34.240	1	1	0	0	0	10	0.18	1.547419	0	0	0	0	0	2026-01-12 10:52:33.959
408	2026-01-12 11:05:09.341	2026-01-12 11:05:11.395	1	1	0	0	0	12	0.216	2.118157	0	0	0	0	0	2026-01-12 11:05:09.341
410	2026-01-12 12:53:43.452	2026-01-12 12:53:44.030	1	1	0	0	0	15	0.27	2.171173	0	0	0	0	0	2026-01-12 12:53:43.452
411	2026-01-12 15:41:48.848	2026-01-12 15:41:50.330	1	1	0	0	0	16	0.288	3.245886	0	0	0	0	0	2026-01-12 15:41:48.848
412	2026-01-12 17:08:06.697	2026-01-12 17:08:10.490	1	1	0	0	0	19	0.342	3.182361	0	0	0	0	0	2026-01-12 17:08:06.697
413	2026-01-12 20:53:35.650	2026-01-12 20:53:36.745	1	1	0	0	0	11	0.198	2.081249	0	0	0	0	0	2026-01-12 20:53:35.650
414	2026-01-12 23:05:14.809	2026-01-12 23:05:16.106	1	1	0	0	0	19	0.342	4.091151	0	0	0	0	0	2026-01-12 23:05:14.809
415	2026-01-13 05:44:16.519	2026-01-13 05:44:19.013	1	1	0	0	0	16	0.288	3.015909	0	0	0	0	0	2026-01-13 05:44:16.519
417	2026-01-13 07:12:20.904	2026-01-13 07:12:23.065	1	1	0	0	0	22	0.396	4.136129	0	0	0	0	0	2026-01-13 07:12:20.904
418	2026-01-13 07:52:05.661	2026-01-13 07:52:07.888	1	1	0	0	0	11	0.198	2.290225	0	0	0	0	0	2026-01-13 07:52:05.661
421	2026-01-10 12:10:34.764	2026-01-10 12:10:35.903	3	1	0	0	0	13	0.234	2.08176	0	0	0	0	0	2026-01-10 12:10:34.764
422	2026-01-10 12:15:24.517	2026-01-10 12:15:25.860	3	1	0	0	0	12	0.216	2.101791	0	0	0	0	0	2026-01-10 12:15:24.517
424	2026-01-10 22:56:39.621	2026-01-10 22:56:40.222	3	1	0	0	0	20	0.36	3.846329	0	0	0	0	0	2026-01-10 22:56:39.621
425	2026-01-10 23:37:51.790	2026-01-10 23:37:56.327	3	1	0	0	0	0	0.0	0.0	0	0	0	0	0	
426	2026-01-11 04:47:12.864	2026-01-11 04:47:14.532	5	-1	1	0	1	0	0.0	0.0	0	0	0	0	0	
427	2026-01-11 06:19:10.202	2026-01-11 06:19:12.203	3	1	0	0	0	9	0.162	1.715805	0	0	0	0	0	2026-01-11 06:19:10.202
428	2026-01-11 07:34:34.190	2026-01-11 07:34:35.682	3	1	0	0	0	14	0.252	2.94485	0	0	0	0	0	2026-01-11 07:34:34.190
429	2026-01-11 08:14:21.748	2026-01-11 08:14:22.385	3	1	0	0	0	21	0.378	3.013698	0	0	0	0	0	2026-01-11 08:14:21.748
430	2026-01-11 08:48:02.099	2026-01-11 08:48:04.086	3	1	0	0	0	12	0.216	1.92121	0	0	0	0	0	2026-01-11 08:48:02.099
432	2026-01-11 10:43:27.374	2026-01-11 10:43:28.175	3	1	0	0	0	16	0.288	2.358667	0	0	0	0	0	2026-01-11 10:43:27.374
433	2026-01-11 10:56:16.388	2026-01-11 10:56:17.370	3	1	0	0	0	10	0.18	2.101219	0	0	0	0	0	2026-01-11 10:56:16.388
434	2026-01-11 12:34:02.348	2026-01-11 12:34:03.485	7	-1	1	0	1	7	0.126	1.063785	0	0	0	0	0	2026-01-11 12:34:02.348
435	2026-01-11 16:05:44.932	2026-01-11 16:05:47.949	3	1	0	0	0	11	0.198	2.205957	0	0	0	0	0	2026-01-11 16:05:44.932
436	2026-01-11 16:55:20.452	2026-01-11 16:55:23.491	3	1	0	0	0	16	0.288	3.479323	0	0	0	0	0	2026-01-11 16:55:20.452
437	2026-01-11 17:22:32.219	2026-01-11 17:22:32.919	3	1	0	0	0	17	0.306	3.687538	0	0	0	0	0	2026-01-11 17:22:32.219
438	2026-01-11 17:44:52.391	2026-01-11 17:44:55.963	3	1	0	0	0	17	0.306	2.965467	0	0	0	0	0	2026-01-11 17:44:52.391
439	2026-01-11 20:36:01.032	2026-01-11 20:36:01.232	7	-1	1	0	1	0	0.0	0.0	0	0	0	0	0	
440	2026-01-12 04:35:08.958	2026-01-12 04:35:09.843	3	1	0	0	0	10	0.18	1.74734	0	0	0	0	0	2026-01-12 04:35:08.958
441	2026-01-12 05:58:15.948	2026-01-12 05:58:17.295	3	1	0	0	0	10	0.18	1.42907	0	0	0	0	0	2026-01-12 05:58:15.948
442	2026-01-12 07:04:46.357	2026-01-12 07:04:47.061	3	1	0	0	0	0	0.0	0.0	0	0	0	0	0	
443	2026-01-12 09:20:13.448	2026-01-12 09:20:14.714	3	1	0	0	0	8	0.144	1.362333	0	0	0	0	0	2026-01-12 09:20:13.448
444	2026-01-12 09:34:40.351	2026-01-12 09:34:42.366	3	1	0	0	0	15	0.27	3.147709	0	0	0	0	0	2026-01-12 09:34:40.351
445	2026-01-12 10:30:35.978	2026-01-12 10:30:37.929	3	1	0	0	0	17	0.306	3.682778	0	0	0	0	0	2026-01-12 10:30:35.978
446	2026-01-12 10:55:41.352	2026-01-12 10:55:42.658	3	1	0	0	0	20	0.36	2.912113	0	0	0	0	0	2026-01-12 10:55:41.352
447	2026-01-12 13:17:06.100	2026-01-12 13:17:06.536	3	1	0	0	0	15	0.27	2.317967	0	0	0	0	0	2026-01-12 13:17:06.100
448	2026-01-12 14:07:38.783	2026-01-12 14:07:39.844	3	1	0	0	0	16	0.288	3.275777	0	0	0	0	0	2026-01-12 14:07:38.783
449	2026-01-12 14:46:31.150	2026-01-12 14:46:31.378	3	1	0	0	0	14	0.252	2.645872	0	0	0	0	0	2026-01-12 14:46:31.150
450	2026-01-12 14:58:37.501	2026-01-12 14:58:38.677	3	1	0	0	0	12	0.216	2.234053	0	0	0	0	0	2026-01-12 14:58:37.501
451	2026-01-12 17:32:55.917	2026-01-12 17:33:00.908	3	1	0	0	0	18	0.324	2.812349	0	0	0	0	0	2026-01-12 17:32:55.917
452	2026-01-12 20:35:02.139	2026-01-12 20:35:02.864	3	1	0	0	0	15	0.27	2.40325	0	0	0	0	0	2026-01-12 20:35:02.139
453	2026-01-13 00:39:05.257	2026-01-13 00:39:05.998	3	1	0	0	0	15	0.27	2.388532	0	0	0	0	0	2026-01-13 00:39:05.257
454	2026-01-13 05:58:17.777	2026-01-13 05:58:18.167	3	1	0	0	0	13	0.234	2.513884	0	0	0	0	0	2026-01-13 05:58:17.777
455	2026-01-13 06:05:30.772	2026-01-13 06:05:34.049	3	1	0	0	0	15	0.27	2.581979	0	0	0	0	0	2026-01-13 06:05:30.772
456	2026-01-13 06:35:13.610	2026-01-13 06:35:13.810	3	1	0	0	0	7	0.126	1.393388	0	0	0	0	0	2026-01-13 06:35:13.610
457	2026-01-13 06:48:29.009	2026-01-13 06:48:32.667	3	1	0	0	0	20	0.36	4.14507	0	0	0	0	0	2026-01-13 06:48:29.009
